taller1/intro_R/datos/mapas/bio12.asc
ncols 660
nrows 456
xllcorner -12.000000
yllcorner 34.000000
cellsize 0.083333
NODATA_value -9999
[rows 400 to 439 of 456, columns 455 to 545 of 660]
602 613 -9999 -9999 -9999 653 684 679 -9999 643 650 640 640 639 669 705 712 714 715 679 663 688 704 635 581 565 573 632 625 622 688 673 669 625 618 619 628 612 606 595 599 569 550 551 538 528 551 557 544 583 580 545 510 530 567 535 477 497 472 446 446 446 451 463 476 485 488 476 461 461 444 412 401 387 377 371 374 380 393 410 431 457 494 537 568 542 511 483 459 441 424
650 703 625 622 618 646 709 722 649 646 639 639 639 649 739 794 773 794 850 712 661 642 624 601 581 558 548 553 570 627 688 717 694 647 643 643 650 625 629 622 596 561 549 539 519 546 655 612 529 536 497 486 543 612 532 492 487 507 484 470 541 570 537 502 500 505 501 488 474 459 449 436 435 396 376 370 368 374 386 403 421 446 479 509 528 519 497 473 452 434 418
629 701 651 -9999 616 632 654 686 651 645 640 642 643 644 663 675 716 731 726 702 674 674 680 704 700 653 617 602 587 585 607 641 704 681 709 680 650 635 630 592 567 550 540 526 518 550 627 553 516 498 492 491 518 611 572 517 506 520 502 489 563 582 568 584 537 535 527 508 487 465 449 429 428 403 377 365 362 367 378 393 411 432 458 479 488 486 472 456 438 422 408
621 679 635 -9999 611 614 632 668 662 662 654 671 732 708 686 709 778 833 744 766 773 792 794 811 814 856 896 873 735 664 614 586 595 634 664 665 636 611 585 567 547 539 537 526 516 521 570 537 594 562 531 501 554 622 612 569 543 530 538 551 546 533 544 578 571 559 551 524 499 474 449 425 415 395 376 366 359 362 371 383 397 414 433 446 451 453 446 434 420 407 396
612 642 626 609 617 619 645 679 678 661 679 703 778 765 709 709 731 732 756 785 790 760 736 757 712 772 836 809 816 829 801 670 590 587 640 673 632 599 575 556 548 546 556 533 531 504 490 485 625 639 545 519 578 574 554 566 548 555 558 526 541 549 552 560 580 575 552 532 506 480 456 431 411 394 380 370 362 362 366 372 382 396 408 415 422 423 420 413 402 391 382
610 610 618 -9999 624 622 636 696 698 666 668 696 735 731 704 704 699 705 715 706 690 675 699 649 627 626 665 644 664 755 754 690 638 623 618 659 649 614 582 550 547 544 544 563 519 495 488 483 479 522 562 523 560 551 588 605 583 546 532 554 566 556 561 569 567 570 569 541 510 487 463 440 421 403 391 381 373 366 363 363 369 378 385 388 395 398 395 390 383 374 366
-9999 612 -9999 -9999 -9999 -9999 -9999 680 677 -9999 675 698 720 737 727 707 731 700 693 684 676 660 651 647 657 637 637 642 720 768 733 731 695 672 645 628 625 595 592 566 563 546 530 524 504 503 516 514 480 481 519 510 559 590 580 566 554 560 563 551 555 566 578 575 571 563 553 552 525 495 472 469 466 456 436 438 438 428 389 357 357 362 367 373 373 373 376 371 365 358 351
-9999 -9999 -9999 -9999 -9999 -9999 -9999 -9999 -9999 -9999 -9999 697 689 725 759 728 741 739 705 711 733 775 797 814 810 848 830 813 786 726 762 779 780 734 710 619 580 593 624 611 593 604 529 514 513 534 502 484 479 488 479 514 542 576 589 650 624 669 590 559 569 607 620 602 574 567 555 551 547 519 492 472 468 484 456 441 448 429 378 345 345 349 354 357 359 357 358 355 351 343 337
-9999 -9999 -9999 -9999 -9999 -9999 -9999 -9999 -9999 -9999 -9999 -9999 -9999 -9999 721 720 710 720 754 735 737 744 772 869 841 749 794 744 681 644 698 700 685 636 624 615 588 576 584 619 610 570 531 518 556 548 496 479 473 478 532 517 526 542 559 565 572 590 569 567 580 611 635 623 580 567 555 538 529 526 495 477 472 518 492 433 429 418 358 336 337 339 343 345 348 347 343 342 338 332 327
-9999 -9999 -9999 -9999 -9999 -9999 -9999 -9999 -9999 -9999 -9999 -9999 -9999 -9999 -9999 705 736 748 736 695 687 678 677 702 665 650 645 624 615 625 657 646 654 694 671 621 603 587 576 562 550 542 527 525 530 568 495 473 466 474 529 549 495 488 529 536 547 567 582 576 593 609 644 654 617 573 559 542 523 511 496 480 488 473 482 475 422 390 344 334 334 334 336 337 338 345 341 331 328 324 320
-9999 -9999 -9999 -9999 -9999 -9999 -9999 -9999 734 716 781 762 759 762 -9999 -9999 724 762 738 685 678 664 652 653 674 659 666 722 693 689 845 748 703 748 760 712 661 601 582 571 556 546 531 513 502 489 479 506 564 553 504 462 460 488 554 537 554 613 629 588 598 601 611 639 637 592 569 552 532 516 505 500 524 521 485 469 457 392 354 343 338 336 334 333 333 332 330 328 323 319 315
-9999 -9999 -9999 -9999 625 620 -9999 697 754 736 779 764 771 776 776 781 775 732 698 703 747 780 726 696 685 686 769 856 761 692 786 835 750 723 735 780 788 688 643 607 684 594 606 542 516 524 502 518 528 485 452 455 470 523 579 587 563 589 609 590 608 608 608 615 637 599 584 569 549 529 527 529 530 522 530 463 447 416 377 360 350 341 335 333 332 332 331 329 326 323 317
-9999 617 624 649 663 609 643 665 -9999 -9999 771 758 -9999 789 811 767 725 711 706 735 781 785 767 733 672 673 841 939 875 759 746 804 814 787 763 735 705 677 660 639 636 612 625 600 569 555 504 499 512 464 448 477 506 517 550 530 555 572 591 595 608 614 617 628 691 616 606 593 582 573 563 553 544 569 556 493 454 430 406 381 366 352 340 337 337 336 335 333 331 328 324
571 664 653 643 -9999 620 649 648 -9999 -9999 -9999 -9999 -9999 -9999 741 735 728 719 722 763 848 821 774 700 740 696 765 867 896 903 882 812 825 814 778 746 713 684 702 714 593 557 563 579 544 522 507 497 480 460 465 502 554 511 499 525 546 591 643 613 612 624 645 639 639 637 630 623 616 611 609 595 574 570 573 523 480 451 429 410 388 371 357 350 348 345 339 335 337 333 335
-9999 -9999 -9999 -9999 -9999 -9999 -9999 -9999 -9999 -9999 -9999 -9999 744 738 -9999 741 751 743 765 736 783 841 855 796 890 824 758 838 925 932 922 888 841 836 806 772 737 702 676 683 604 560 545 554 637 599 520 530 506 459 463 502 560 538 504 530 548 600 690 687 630 629 665 656 657 651 651 649 643 645 658 646 611 591 591 550 525 484 459 435 416 396 380 369 363 356 354 346 348 351 353
-9999 -9999 -9999 -9999 -9999 -9999 -9999 653 654 686 688 -9999 -9999 -9999 -9999 740 743 738 759 823 766 745 750 825 874 805 794 914 968 947 942 924 896 869 835 797 767 717 683 710 630 570 550 543 627 612 523 503 474 469 481 487 520 501 522 543 560 587 697 727 644 645 655 700 701 670 671 670 669 665 659 672 658 628 597 582 573 523 492 468 446 424 407 392 380 370 409 365 362 365 361
-9999 -9999 -9999 -9999 -9999 -9999 -9999 649 -9999 692 687 -9999 -9999 -9999 734 -9999 -9999 744 758 761 757 745 761 856 933 905 858 905 1006 968 938 947 943 906 858 813 775 742 771 753 622 602 563 559 575 564 514 499 513 588 613 491 485 504 533 541 565 609 730 718 681 675 680 761 727 687 692 694 695 705 683 667 675 661 632 605 586 563 540 509 485 458 438 420 404 390 379 374 378 385 389
-9999 -9999 -9999 -9999 -9999 -9999 -9999 -9999 -9999 -9999 694 696 -9999 -9999 -9999 -9999 -9999 745 -9999 756 761 769 781 845 947 984 991 1008 1037 1068 994 961 944 916 887 837 795 754 764 685 643 623 621 557 547 540 545 584 570 565 597 482 484 516 534 568 669 704 832 834 805 711 730 838 735 702 716 706 718 749 728 696 679 670 658 637 618 604 585 556 525 508 491 491 437 414 399 389 395 400 403
-9999 -9999 -9999 -9999 -9999 -9999 -9999 -9999 -9999 -9999 692 693 -9999 -9999 -9999 -9999 755 772 772 786 774 796 836 853 921 989 1015 1045 1083 1097 1060 1033 995 918 863 835 800 766 743 698 680 667 634 570 550 534 610 598 595 567 496 466 491 528 550 618 790 812 876 915 900 764 782 891 785 751 759 753 751 775 738 715 707 691 681 668 652 633 612 591 570 533 504 492 486 447 427 418 419 422 426
-9999 -9999 -9999 -9999 -9999 -9999 606 -9999 -9999 -9999 -9999 697 722 720 720 739 766 779 792 806 820 846 878 853 844 898 977 1020 994 963 982 1000 1014 955 877 850 819 817 755 712 681 650 621 610 625 567 558 553 575 547 502 480 509 526 624 721 827 860 921 955 963 925 942 953 911 861 800 774 832 804 775 737 733 719 710 694 681 670 653 622 600 575 559 539 512 494 473 462 459 457 458
519 545 -9999 -9999 569 -9999 598 -9999 -9999 -9999 -9999 -9999 729 728 729 722 765 760 781 787 797 -9999 -9999 -9999 -9999 875 886 930 962 1019 1037 1031 1020 1023 975 932 887 838 752 724 705 662 649 668 627 589 599 647 570 566 525 513 549 565 643 816 892 955 989 1000 1003 1008 1007 1004 995 976 924 859 860 819 818 752 743 751 734 722 705 693 681 657 646 623 584 566 561 590 524 511 506 504 498
536 574 -9999 537 -9999 -9999 -9999 -9999 -9999 -9999 -9999 -9999 -9999 703 718 757 763 757 -9999 -9999 -9999 -9999 -9999 -9999 -9999 882 927 944 1003 1026 1018 1042 1024 1029 1017 980 919 828 767 753 771 726 662 633 604 591 686 660 621 526 570 535 654 585 640 919 988 1012 1022 1028 1030 1033 1040 1046 1046 1037 1034 1021 915 867 883 828 790 757 751 743 732 716 702 685 664 649 638 610 582 609 671 579 542 538 517
-9999 -9999 -9999 -9999 -9999 -9999 -9999 -9999 -9999 -9999 -9999 -9999 688 705 722 772 -9999 -9999 778 821 819 816 855 863 891 888 932 973 957 1012 1020 1027 1026 1029 1020 1002 950 906 835 779 783 752 666 643 619 687 578 639 581 548 624 614 683 664 680 832 969 -9999 -9999 -9999 -9999 -9999 -9999 1063 1068 1081 1080 1063 1040 986 960 910 892 850 821 771 754 741 724 709 693 672 658 648 638 620 681 755 674 582 556
-9999 -9999 -9999 -9999 -9999 -9999 -9999 -9999 -9999 -9999 -9999 -9999 697 -9999 713 -9999 -9999 779 816 859 853 818 -9999 843 879 905 952 996 961 -9999 -9999 -9999 1032 1025 1016 1007 994 974 941 863 819 854 719 735 757 652 582 553 551 563 654 751 674 608 653 858 -9999 -9999 -9999 -9999 -9999 -9999 -9999 -9999 -9999 -9999 1086 1082 1074 1040 998 938 904 832 805 806 773 755 742 727 713 695 685 670 646 635 612 678 722 750 711
-9999 -9999 -9999 -9999 570 591 601 -9999 -9999 -9999 -9999 -9999 -9999 689 741 740 -9999 -9999 789 -9999 -9999 812 862 883 906 909 944 -9999 -9999 -9999 -9999 -9999 -9999 -9999 1019 1009 1004 970 957 902 895 889 733 726 763 662 596 586 587 676 751 757 693 650 726 910 1002 -9999 -9999 -9999 -9999 -9999 -9999 -9999 -9999 -9999 -9999 -9999 -9999 1076 1071 1060 983 908 865 819 800 779 764 747 730 714 716 715 670 676 650 718 769 762 750
-9999 -9999 536 546 598 580 586 -9999 -9999 -9999 -9999 -9999 683 694 750 750 -9999 -9999 -9999 -9999 -9999 -9999 873 869 897 903 -9999 -9999 -9999 -9999 -9999 -9999 -9999 -9999 -9999 -9999 -9999 977 902 799 905 909 753 864 744 652 671 719 651 705 768 708 812 669 731 981 1014 -9999 -9999 -9999 -9999 -9999 -9999 -9999 -9999 -9999 -9999 -9999 -9999 -9999 -9999 1084 1041 1046 974 931 902 793 780 769 757 746 732 745 737 703 714 713 735 756 742
-9999 -9999 -9999 -9999 -9999 -9999 -9999 -9999 -9999 -9999 -9999 -9999 -9999 -9999 -9999 -9999 778 767 -9999 -9999 -9999 -9999 -9999 -9999 -9999 -9999 900 921 -9999 -9999 -9999 -9999 -9999 -9999 -9999 -9999 -9999 -9999 883 849 931 873 744 724 696 723 706 729 671 692 750 760 873 735 904 986 -9999 -9999 -9999 -9999 -9999 -9999 -9999 -9999 -9999 -9999 -9999 -9999 -9999 -9999 -9999 -9999 -9999 -9999 1037 1008 962 845 809 781 772 761 744 724 714 696 686 678 691 719 726
-9999 -9999 -9999 -9999 -9999 -9999 -9999 -9999 -9999 647 -9999 -9999 -9999 -9999 -9999 -9999 -9999 776 771 -9999 -9999 -9999 -9999 847 866 889 914 918 -9999 -9999 -9999 -9999 -9999 -9999 -9999 -9999 -9999 -9999 909 892 934 867 746 729 710 764 850 805 698 698 847 859 937 869 932 982 -9999 -9999 -9999 -9999 -9999 -9999 -9999 -9999 -9999 -9999 -9999 -9999 -9999 -9999 -9999 -9999 -9999 -9999 -9999 1015 982 942 864 805 802 785 765 746 730 718 707 699 701 697 687
-9999 -9999 -9999 -9999 -9999 -9999 -9999 -9999 -9999 623 631 -9999 -9999 -9999 -9999 -9999 -9999 -9999 -9999 -9999 -9999 820 844 871 896 916 911 904 -9999 -9999 -9999 -9999 -9999 -9999 -9999 -9999 -9999 -9999 -9999 946 937 915 787 751 754 850 816 782 803 804 847 944 954 929 924 988 -9999 -9999 -9999 -9999 -9999 -9999 -9999 -9999 -9999 -9999 -9999 -9999 -9999 -9999 -9999 -9999 -9999 -9999 -9999 1006 998 975 914 851 817 802 805 776 753 747 730 723 720 717 711
-9999 -9999 -9999 -9999 -9999 -9999 -9999 -9999 -9999 -9999 -9999 -9999 -9999 -9999 -9999 -9999 -9999 -9999 -9999 816 809 833 883 910 884 897 901 891 -9999 -9999 -9999 -9999 -9999 -9999 -9999 -9999 -9999 -9999 -9999 -9999 -9999 921 846 819 834 823 847 879 912 923 931 -9999 -9999 942 947 -9999 -9999 -9999 -9999 -9999 -9999 -9999 -9999 -9999 -9999 -9999 -9999 -9999 -9999 -9999 -9999 -9999 -9999 -9999 -9999 -9999 991 976 929 847 869 839 853 847 784 798 774 759 733 718 699
-9999 -9999 -9999 -9999 -9999 -9999 -9999 -9999 -9999 -9999 -9999 -9999 -9999 -9999 -9999 -9999 -9999 -9999 -9999 -9999 -9999 844 857 880 876 873 864 -9999 -9999 -9999 -9999 -9999 -9999 -9999 -9999 -9999 -9999 -9999 -9999 -9999 -9999 -9999 -9999 905 904 899 903 910 -9999 -9999 -9999 -9999 -9999 -9999 -9999 -9999 -9999 -9999 -9999 -9999 -9999 -9999 -9999 -9999 -9999 -9999 -9999 -9999 -9999 -9999 -9999 -9999 -9999 -9999 -9999 -9999 -9999 -9999 942 918 878 875 882 892 848 803 783 752 726 695 674
-9999 -9999 -9999 -9999 -9999 578 -9999 -9999 -9999 -9999 -9999 -9999 -9999 -9999 -9999 -9999 -9999 -9999 -9999 -9999 -9999 -9999 832 852 843 859 855 -9999 -9999 -9999 -9999 -9999 -9999 -9999 -9999 -9999 -9999 -9999 -9999 -9999 -9999 -9999 -9999 -9999 -9999 -9999 -9999 -9999 -9999 -9999 -9999 -9999 -9999 -9999 -9999 -9999 -9999 -9999 -9999 -9999 -9999 -9999 -9999 -9999 -9999 -9999 -9999 -9999 -9999 -9999 -9999 -9999 -9999 -9999 -9999 -9999 -9999 -9999 -9999 -9999 915 887 900 890 -9999 -9999 774 -9999 -9999 -9999 -9999
-9999 -9999 -9999 -9999 -9999 -9999 -9999 -9999 -9999 -9999 -9999 -9999 -9999 -9999 -9999 -9999 -9999 -9999 -9999 -9999 -9999 807 815 822 822 -9999 -9999 -9999 -9999 -9999 -9999 -9999 -9999 -9999 -9999 -9999 -9999 -9999 -9999 -9999 -9999 -9999 -9999 -9999 -9999 -9999 -9999 -9999 -9999 -9999 -9999 -9999 -9999 -9999 -9999 -9999 -9999 -9999 -9999 -9999 -9999 -9999 -9999 -9999 -9999 -9999 -9999 -9999 -9999 -9999 -9999 -9999 -9999 -9999 -9999 -9999 -9999 -9999 -9999 -9999 -9999 -9999 -9999 -9999 -9999 -9999 -9999 -9999 -9999 -9999 -9999
-9999 -9999 -9999 -9999 -9999 -9999 -9999 -9999 -9999 -9999 635 -9999 -9999 -9999 -9999 727 -9999 -9999 -9999 -9999 -9999 -9999 800 -9999 -9999 -9999 -9999 -9999 -9999 -9999 -9999 -9999 -9999 -9999 -9999 -9999 -9999 -9999 -9999 -9999 -9999 -9999 -9999 -9999 -9999 -9999 -9999 -9999 -9999 -9999 -9999 -9999 -9999 -9999 -9999 -9999 -9999 -9999 -9999 -9999 -9999 -9999 -9999 -9999 -9999 -9999 -9999 -9999 -9999 -9999 -9999 -9999 -9999 -9999 -9999 -9999 -9999 -9999 -9999 -9999 -9999 -9999 -9999 -9999 -9999 -9999 -9999 -9999 -9999 -9999 -9999
-9999 -9999 -9999 -9999 -9999 -9999 -9999 -9999 -9999 -9999 -9999 -9999 -9999 -9999 -9999 727 -9999 -9999 -9999 -9999 -9999 -9999 -9999 -9999 -9999 -9999 -9999 -9999 -9999 -9999 -9999 -9999 -9999 -9999 -9999 -9999 -9999 -9999 -9999 -9999 -9999 -9999 -9999 -9999 -9999 -9999 -9999 -9999 -9999 -9999 -9999 -9999 -9999 -9999 -9999 -9999 -9999 -9999 -9999 -9999 -9999 -9999 -9999 -9999 -9999 -9999 -9999 -9999 -9999 -9999 -9999 -9999 -9999 -9999 -9999 -9999 -9999 -9999 -9999 -9999 -9999 -9999 -9999 -9999 -9999 -9999 -9999 -9999 -9999 -9999 -9999
-9999 -9999 -9999 -9999 -9999 -9999 -9999 -9999 -9999 -9999 -9999 -9999 -9999 -9999 721 710 -9999 -9999 -9999 -9999 -9999 -9999 -9999 -9999 -9999 -9999 -9999 -9999 -9999 -9999 -9999 -9999 -9999 -9999 -9999 -9999 -9999 -9999 -9999 -9999 -9999 -9999 -9999 -9999 -9999 -9999 -9999 -9999 -9999 -9999 -9999 -9999 -9999 -9999 -9999 -9999 -9999 -9999 -9999 -9999 -9999 -9999 -9999 -9999 -9999 -9999 -9999 -9999 -9999 -9999 -9999 -9999 -9999 -9999 -9999 -9999 -9999 -9999 -9999 -9999 -9999 -9999 -9999 -9999 -9999 -9999 -9999 -9999 -9999 -9999 -9999
-9999 -9999 -9999 -9999 -9999 -9999 -9999 -9999 -9999 -9999 -9999 -9999 -9999 672 739 680 -9999 -9999 -9999 -9999 -9999 -9999 -9999 -9999 -9999 -9999 -9999 -9999 -9999 -9999 -9999 -9999 -9999 -9999 -9999 -9999 -9999 -9999 -9999 -9999 -9999 -9999 -9999 -9999 -9999 -9999 -9999 -9999 -9999 -9999 -9999 -9999 -9999 -9999 -9999 -9999 -9999 -9999 -9999 -9999 -9999 -9999 -9999 -9999 -9999 -9999 -9999 -9999 -9999 -9999 -9999 -9999 -9999 -9999 -9999 -9999 -9999 -9999 -9999 -9999 -9999 -9999 -9999 -9999 -9999 -9999 -9999 -9999 -9999 -9999 -9999
-9999 -9999 -9999 -9999 -9999 -9999 -9999 -9999 -9999 -9999 -9999 -9999 -9999 -9999 750 697 -9999 -9999 -9999 -9999 -9999 -9999 -9999 -9999 -9999 -9999 -9999 -9999 -9999 -9999 -9999 -9999 -9999 -9999 -9999 -9999 -9999 -9999 -9999 -9999 -9999 -9999 -9999 -9999 -9999 -9999 -9999 -9999 -9999 -9999 -9999 -9999 -9999 -9999 -9999 -9999 -9999 -9999 -9999 -9999 -9999 -9999 -9999 -9999 -9999 -9999 -9999 -9999 -9999 -9999 -9999 -9999 -9999 -9999 -9999 -9999 -9999 -9999 -9999 -9999 -9999 -9999 -9999 -9999 -9999 -9999 -9999 -9999 -9999 -9999 -9999
-9999 -9999 -9999 -9999 -9999 -9999 -9999 -9999 -9999 -9999 -9999 624 667 636 689 686 -9999 -9999 -9999 -9999 -9999 -9999 -9999 -9999 -9999 -9999 -9999 -9999 -9999 -9999 -9999 -9999 -9999 -9999 -9999 -9999 -9999 -9999 -9999 -9999 -9999 -9999 -9999 -9999 -9999 -9999 -9999 -9999 -9999 -9999 -9999 -9999 -9999 -9999 -9999 -9999 -9999 -9999 -9999 -9999 -9999 -9999 -9999 -9999 -9999 -9999 -9999 -9999 -9999 -9999 -9999 -9999 -9999 -9999 -9999 -9999 -9999 -9999 -9999 -9999 -9999 -9999 -9999 -9999 -9999 -9999 -9999 -9999 -9999 -9999 -9999
-9999 -9999 -9999 540 -9999 -9999 -9999 -9999 -9999 -9999 -9999 666 678 635 655 -9999 -9999 -9999 -9999 -9999 -9999 -9999 -9999 -9999 -9999 -9999 -9999 -9999 -9999 -9999 -9999 -9999 -9999 -9999 -9999 -9999 -9999 -9999 -9999 -9999 -9999 -9999 -9999 -9999 -9999 -9999 -9999 -9999 -9999 -9999 -9999 -9999 -9999 -9999 -9999 -9999 -9999 -9999 -9999 -9999 -9999 -9999 -9999 -9999 -9999 -9999 -9999 -9999 -9999 -9999 -9999 -9999 -9999 -9999 -9999 -9999 -9999 -9999 -9999 -9999 -9999 -9999 -9999 -9999 452 440 429 426 444 440 -9999
