taller1/intro_R/datos/mapas/bio12.asc
ncols 660
nrows 456
xllcorner -12.000000
yllcorner 34.000000
cellsize 0.083333
NODATA_value -9999
[rows 80 to 119 of 456, columns 455 to 545 of 660]
487 494 499 502 505 506 507 511 513 516 518 521 523 526 529 530 533 539 540 543 548 555 556 555 557 558 563 572 578 581 582 586 589 590 593 593 592 594 594 593 588 587 586 585 585 583 581 581 580 574 569 569 561 559 558 549 550 554 549 546 541 536 538 541 541 544 543 541 541 544 548 551 551 549 546 544 543 544 544 541 539 537 534 532 527 526 523 518 514 510 505
485 492 497 502 507 508 510 511 515 516 519 522 523 525 528 530 532 537 542 544 546 550 551 553 553 559 567 572 573 574 578 585 591 592 594 594 592 590 586 587 590 588 586 586 586 586 587 587 582 574 568 563 554 555 554 550 552 551 541 538 536 534 532 532 535 536 538 538 542 541 541 543 544 544 545 546 545 545 544 540 535 534 531 529 527 524 524 521 516 510 508
484 489 494 498 503 507 509 510 512 517 521 523 526 527 529 530 535 542 545 549 554 552 551 560 572 556 560 568 568 574 579 584 589 593 593 592 591 588 585 590 588 588 589 591 592 590 588 586 583 581 574 570 563 554 552 552 552 547 544 540 537 534 530 530 530 532 533 535 540 547 545 544 544 544 543 541 539 539 540 538 537 535 534 530 526 520 519 519 516 514 510
486 489 494 497 499 504 507 510 513 518 521 523 526 529 531 533 536 540 541 547 551 554 558 573 569 564 564 566 572 577 579 583 588 591 588 590 592 589 588 590 590 592 592 597 596 592 591 590 585 580 570 565 565 562 557 555 550 545 543 550 545 546 538 535 538 539 539 537 538 539 542 543 540 539 539 537 537 537 537 536 535 534 532 530 523 520 521 519 514 510 503
486 488 494 496 499 505 508 511 516 520 522 524 527 529 531 534 536 540 541 545 552 558 558 572 575 571 567 571 576 583 587 586 585 589 585 587 588 586 589 593 594 596 595 591 592 589 589 584 579 577 571 564 562 560 558 553 550 547 547 553 554 550 543 543 543 545 546 543 539 538 538 539 541 542 541 539 539 538 538 537 534 531 528 528 524 524 523 523 518 515 509
484 491 494 496 500 505 509 513 517 519 522 527 530 532 535 538 542 544 549 548 550 556 562 578 573 576 577 576 576 580 583 584 584 586 585 584 586 588 590 589 589 592 593 591 591 588 586 586 583 583 584 582 574 573 562 560 561 554 557 563 560 552 548 551 554 554 551 549 545 544 546 540 539 541 540 540 540 539 538 535 533 533 534 532 530 530 525 522 518 513 508
482 486 494 499 504 507 510 513 517 522 525 529 532 536 539 542 545 551 554 558 554 557 562 569 577 583 581 587 577 577 577 578 577 577 584 587 589 588 587 587 587 591 591 591 590 591 591 589 591 592 593 588 579 573 567 569 570 570 569 564 557 556 557 559 556 552 548 548 547 544 543 543 541 542 541 542 541 540 537 536 536 537 536 533 530 529 527 522 517 514 509
490 494 497 502 508 511 514 516 520 528 530 533 536 537 540 543 546 549 552 555 561 564 568 573 578 592 582 579 579 576 575 575 580 586 587 588 589 590 593 592 593 592 591 590 590 592 594 593 592 595 594 591 591 588 581 579 579 578 571 566 564 565 563 560 558 559 558 554 551 551 550 548 548 545 541 544 543 542 539 539 542 544 541 537 534 529 525 521 518 514 510
495 498 502 507 510 517 521 522 524 529 530 534 538 540 541 543 545 548 554 558 562 563 570 573 567 584 582 590 583 576 575 581 584 584 585 587 591 590 591 592 596 596 594 592 593 594 596 598 600 599 596 596 593 592 593 589 583 579 574 574 576 573 571 568 564 561 559 558 556 558 559 554 551 547 545 545 543 545 546 544 543 542 544 540 536 531 528 524 521 516 512
500 504 509 512 515 518 526 529 531 532 533 536 538 539 540 542 546 551 555 555 560 561 564 564 564 565 572 571 572 577 580 584 589 594 596 592 590 592 592 592 594 598 601 598 595 594 596 597 595 598 591 591 591 592 591 583 580 579 578 573 571 572 571 574 567 565 567 567 565 560 555 558 556 554 552 549 548 546 547 549 548 546 541 540 537 534 528 524 522 520 517
505 509 513 518 519 521 524 526 530 534 535 536 536 537 539 544 548 549 550 559 561 560 564 560 567 572 568 585 578 576 581 587 594 595 598 599 597 597 595 596 596 597 597 595 596 593 590 590 594 599 593 590 593 592 595 589 585 579 576 575 572 569 570 571 568 563 563 561 560 558 558 555 556 557 560 553 551 550 549 549 548 546 543 542 537 534 531 527 525 523 518
509 512 516 520 521 525 528 531 535 537 537 538 539 546 546 546 548 554 551 552 549 552 557 560 566 571 575 582 586 587 585 585 589 593 595 597 597 595 593 596 598 601 597 593 596 596 593 593 597 597 595 595 594 594 594 594 594 590 585 584 580 575 571 571 570 569 566 566 570 568 564 566 562 559 556 554 556 559 560 557 555 548 544 540 536 533 530 527 525 522 516
513 516 519 523 524 528 534 536 537 542 547 545 544 548 547 548 548 549 550 551 551 558 565 565 570 572 578 588 591 593 589 588 593 596 597 597 594 592 595 599 602 598 597 596 596 595 595 596 597 599 598 599 599 600 602 604 603 599 596 593 588 585 586 581 577 576 575 574 574 570 567 567 563 562 563 564 565 562 562 558 552 550 547 545 542 537 532 530 526 524 520
520 523 527 532 532 534 536 539 543 547 550 550 550 550 551 551 553 557 558 561 562 565 565 567 575 573 577 585 586 587 587 591 593 594 598 601 594 593 597 598 599 600 599 596 596 597 596 599 600 602 605 606 610 608 607 605 602 600 598 597 598 596 596 592 589 587 582 577 576 577 574 574 570 569 564 566 566 558 557 555 551 551 549 545 546 539 535 529 526 526 523
527 532 533 536 537 539 543 544 548 554 558 560 558 557 559 558 559 561 564 568 571 576 578 580 588 582 580 587 587 583 586 587 589 592 593 597 596 596 595 596 597 598 597 598 599 599 599 601 602 606 607 609 610 609 609 610 607 602 596 597 595 597 594 594 594 595 591 583 578 576 573 572 573 567 564 561 563 560 559 557 555 551 549 548 546 541 536 532 527 525 521
534 536 538 542 542 546 551 556 560 561 564 567 569 570 571 568 569 571 573 575 576 584 592 596 597 592 586 595 590 588 595 596 595 596 599 599 602 604 604 602 604 605 604 604 608 606 602 599 601 607 609 608 608 608 612 612 609 605 600 598 596 596 595 593 595 596 595 590 588 588 581 577 577 573 568 566 565 562 565 562 558 557 556 550 544 541 539 535 531 527 524
537 536 538 543 547 551 554 560 565 563 562 566 568 573 577 576 571 573 574 578 578 581 584 589 593 599 602 600 600 596 596 600 601 601 602 603 606 609 610 613 611 611 611 611 614 616 615 610 605 609 607 609 614 617 610 611 613 608 602 600 599 596 596 598 599 603 598 591 587 585 584 578 573 572 572 566 563 563 567 565 560 556 554 548 540 536 534 532 529 523 520
547 546 547 548 552 553 555 558 564 567 566 564 572 574 577 580 579 574 574 579 584 585 586 586 590 596 603 616 619 608 604 602 606 608 611 611 610 612 612 612 613 616 618 618 618 617 613 610 611 615 620 619 619 615 609 609 610 608 603 601 604 602 605 604 604 606 604 595 593 590 589 586 584 580 576 573 567 568 571 567 564 559 556 552 545 538 535 531 527 527 523
552 554 557 556 553 554 556 559 563 565 568 566 568 576 573 579 582 581 581 583 588 590 589 592 594 596 602 609 617 618 608 604 600 605 608 612 609 613 610 606 610 614 617 616 620 616 612 610 613 618 618 620 622 617 612 610 611 613 610 605 601 601 600 602 603 607 609 601 596 591 590 589 582 581 582 579 583 572 565 562 557 556 553 552 549 541 537 532 529 525 526
557 561 566 564 560 560 561 565 568 570 571 573 572 573 575 580 589 584 580 584 592 593 593 595 597 603 608 612 616 620 616 607 603 602 604 604 604 607 604 604 612 614 616 619 618 617 610 606 607 607 610 614 615 617 617 617 621 620 618 611 605 602 602 604 610 609 610 608 606 599 594 592 591 591 590 584 580 576 573 566 559 555 553 550 546 549 539 535 532 528 524
561 567 571 575 573 570 568 567 567 569 573 576 576 579 576 580 585 587 585 588 593 598 594 596 603 606 611 612 612 615 622 618 614 608 601 601 608 601 601 606 613 614 614 614 611 612 612 609 604 603 609 616 616 614 611 612 614 618 621 621 615 608 605 605 610 604 603 608 607 605 607 607 593 592 590 587 581 579 580 579 567 560 556 551 546 550 544 539 536 533 531
567 575 583 578 579 580 581 574 576 579 578 582 577 578 579 581 583 588 589 593 598 601 603 599 605 607 609 611 611 611 615 618 623 617 611 606 604 609 602 606 610 616 617 608 606 611 616 614 607 604 607 612 615 616 617 610 609 615 618 621 618 612 606 605 606 608 611 605 603 605 606 617 612 594 591 587 582 577 573 570 570 569 555 549 544 543 543 541 541 536 535
580 578 580 576 576 581 579 577 579 583 586 591 594 593 593 588 588 594 602 606 608 605 604 605 607 609 610 614 612 613 616 622 624 622 618 624 615 607 604 603 603 606 610 609 605 606 613 617 614 607 607 609 614 616 612 613 614 615 613 615 616 613 608 606 604 609 606 609 607 609 610 617 613 600 591 588 584 582 580 573 569 563 561 556 549 542 541 538 535 537 533
585 583 580 579 579 582 579 580 587 589 590 593 593 603 606 595 591 596 601 609 612 611 611 608 609 614 615 614 617 614 616 617 617 621 620 624 624 614 609 605 605 604 605 607 615 607 609 609 610 612 610 609 611 613 613 614 612 615 614 612 611 609 608 608 608 606 608 607 610 610 606 617 608 598 593 592 587 583 578 574 568 564 560 559 555 556 549 539 534 533 529
589 588 588 583 582 589 586 585 586 588 594 599 604 607 602 596 595 599 607 613 615 617 621 619 627 616 613 614 615 614 613 614 619 625 627 626 630 631 620 613 608 608 611 606 606 606 608 606 606 608 614 615 615 621 620 623 624 624 623 623 625 625 622 623 620 619 616 617 614 609 605 613 599 592 592 588 586 586 583 576 575 573 566 564 559 557 554 542 535 533 530
586 593 597 595 588 590 593 591 591 593 598 600 604 604 597 597 599 603 610 614 618 622 624 624 631 625 616 615 620 617 619 619 620 626 624 626 628 635 626 619 617 613 611 610 608 608 609 607 608 615 618 622 623 627 633 627 625 624 620 620 623 628 630 624 620 619 616 618 612 608 607 605 598 594 595 589 588 588 586 579 585 584 577 569 568 559 545 546 543 539 535
593 595 597 599 599 597 594 593 594 598 601 604 606 607 604 601 602 605 609 610 612 617 618 620 627 626 626 621 618 617 619 623 624 624 623 627 633 637 637 630 627 627 617 620 616 621 620 609 610 617 617 622 624 631 631 629 627 622 619 620 620 621 622 622 620 623 617 620 615 617 613 606 599 599 597 590 591 593 587 582 595 592 581 576 569 559 551 549 548 545 544
593 598 601 605 609 606 601 597 600 602 603 605 605 610 614 612 610 608 613 616 619 622 621 624 621 620 621 621 618 619 626 628 627 621 623 626 633 637 630 626 623 626 618 614 619 625 633 620 613 617 621 630 637 637 633 630 627 619 617 620 624 623 624 626 621 618 615 616 613 613 608 606 602 599 591 588 586 588 587 582 591 591 585 577 571 562 559 561 553 551 550
596 599 602 606 607 611 611 605 606 606 605 606 610 612 617 619 616 613 611 615 619 624 626 625 626 627 621 624 626 627 624 626 623 630 630 629 630 634 630 622 617 617 614 612 613 619 622 624 622 621 616 621 624 634 635 627 624 621 620 622 624 621 623 623 625 619 618 619 619 619 616 611 603 602 599 597 594 588 586 588 586 589 587 573 569 568 564 563 560 558 555
599 600 604 607 607 607 609 610 608 611 609 610 611 614 616 619 624 627 623 620 625 624 625 628 634 627 624 625 629 631 634 633 625 624 625 629 627 626 624 625 623 618 615 617 613 612 619 625 633 631 625 619 620 625 631 631 628 627 628 628 626 626 624 625 622 622 619 616 616 616 617 613 612 609 605 605 602 595 589 588 588 593 586 579 573 573 571 564 562 560 559
605 609 612 610 608 609 610 611 614 613 612 614 616 616 621 623 625 630 634 631 625 623 624 626 628 629 628 627 635 632 627 629 631 626 627 631 630 624 621 616 616 617 620 616 612 612 614 625 628 627 623 623 622 623 628 631 629 630 629 626 624 625 626 628 627 622 621 619 616 615 616 617 618 617 610 610 603 601 599 594 590 593 595 586 585 580 572 569 565 564 564
612 618 623 622 616 617 617 615 618 617 616 615 619 625 628 628 627 627 632 631 626 624 627 631 635 630 628 628 632 635 633 628 626 629 633 630 629 624 622 618 616 618 619 622 619 616 619 619 620 620 627 629 630 632 632 634 636 636 634 629 627 625 624 624 623 625 620 617 616 617 618 620 622 619 613 606 604 607 606 600 596 595 594 593 591 583 578 574 570 566 565
625 621 624 622 621 619 618 619 617 622 621 623 624 625 627 630 628 626 630 631 627 626 628 634 638 637 631 628 629 631 634 636 633 628 628 627 630 630 626 622 621 621 623 622 616 617 618 618 624 626 635 637 633 633 634 637 641 642 637 634 633 631 627 626 627 622 621 623 624 622 621 624 619 615 610 607 603 605 606 602 598 601 597 591 590 585 583 579 576 570 566
634 629 628 622 624 634 629 629 621 629 628 631 633 630 628 627 629 628 631 631 630 630 630 632 636 642 636 631 638 638 638 634 632 634 634 634 633 636 632 628 621 623 625 621 617 617 618 622 623 631 634 632 635 634 634 637 641 641 637 638 639 635 631 628 629 625 626 625 624 625 629 623 621 620 614 610 606 606 605 604 602 598 592 590 587 583 582 579 578 574 566
631 628 635 628 633 633 630 628 629 632 632 631 631 632 632 628 630 631 635 630 634 632 633 631 638 638 636 636 640 640 645 638 634 632 634 636 640 637 636 633 629 625 624 622 621 618 618 624 627 629 631 632 636 639 638 636 639 643 642 639 638 636 633 631 631 632 630 632 631 630 626 625 623 619 616 615 613 607 607 608 607 601 595 594 592 588 583 580 579 575 572
633 633 632 634 630 632 633 632 635 639 640 638 635 634 632 634 638 634 635 634 638 635 632 632 632 636 642 642 641 645 644 644 641 636 640 641 637 638 639 634 625 626 626 625 625 623 624 628 625 628 632 633 634 636 636 641 640 642 641 640 642 638 638 636 636 635 636 635 634 632 628 625 622 618 616 616 614 613 612 606 604 600 598 598 597 595 591 589 586 582 580
636 639 636 636 637 640 637 638 642 646 642 640 639 633 636 634 637 637 635 633 639 639 634 633 635 641 641 638 637 640 642 641 637 638 640 646 643 639 639 638 629 628 627 628 628 627 629 628 626 629 636 633 636 633 633 638 645 643 642 640 638 638 639 639 639 640 639 636 636 637 632 631 623 620 618 615 614 611 611 609 607 603 603 604 602 602 597 597 594 589 586
644 647 646 644 642 644 644 646 644 645 645 641 638 634 635 636 639 638 637 635 633 633 634 635 633 633 635 634 632 633 637 636 636 639 641 641 645 641 639 638 636 630 629 629 631 630 628 629 629 633 635 634 635 633 633 635 638 643 640 640 642 640 641 643 644 642 641 637 636 634 634 629 624 623 620 618 616 615 615 614 610 610 610 608 604 607 605 601 600 597 595
650 645 647 653 655 647 643 645 646 646 640 638 638 635 635 637 638 636 637 641 640 636 638 636 636 634 635 639 640 636 637 638 638 639 641 642 642 642 644 638 636 633 632 637 634 634 633 629 632 635 635 632 640 637 636 635 638 636 638 635 641 641 640 644 640 641 638 639 636 634 633 632 632 628 627 625 623 620 620 620 616 615 614 610 606 607 606 606 605 602 599
657 659 660 657 653 649 643 642 641 641 642 639 637 637 636 638 639 637 640 643 645 645 645 640 640 643 645 645 643 640 639 637 638 646 651 651 645 644 645 640 641 640 637 639 635 636 636 635 633 634 636 634 636 639 637 634 636 639 634 623 622 627 630 636 640 639 637 638 635 632 634 635 634 633 634 634 632 627 626 624 623 621 618 615 610 607 606 604 602 600 601
