taller1/intro_R/datos/mapas/bio12.asc
ncols 660
nrows 456
xllcorner -12.000000
yllcorner 34.000000
cellsize 0.083333
NODATA_value -9999
[rows 240 to 279 of 456, columns 182 to 272 of 660]
-9999 -9999 -9999 -9999 -9999 -9999 -9999 -9999 -9999 -9999 760 764 768 772 777 781 785 789 793 796 798 798 799 799 796 794 789 786 786 779 780 778 774 767 763 763 764 763 763 766 769 776 782 789 795 800 806 815 829 842 834 810 806 801 798 802 807 810 814 817 819 821 823 827 848 853 848 817 816 820 810 821 789 810 820 754 765 772 814 736 744 778 777 721 774 793 722 718 651 621 610
-9999 -9999 -9999 -9999 -9999 -9999 -9999 -9999 -9999 755 761 763 768 773 778 783 786 789 792 793 795 796 796 794 792 789 786 783 779 776 774 770 768 765 763 762 768 762 763 765 768 779 787 794 799 809 810 810 815 817 809 805 804 804 802 805 810 819 828 824 822 821 818 816 813 817 829 867 899 853 802 785 832 824 796 724 775 813 800 792 779 722 735 755 887 997 1030 941 873 823 671
-9999 -9999 -9999 -9999 -9999 -9999 -9999 748 750 753 758 764 768 772 776 781 784 787 790 792 793 793 793 791 789 787 783 779 777 774 772 769 782 774 768 769 761 762 765 767 770 781 790 797 805 816 824 825 808 810 813 804 806 808 807 810 816 826 843 847 841 822 812 808 806 802 802 810 871 907 836 816 809 825 745 779 924 874 754 725 689 710 742 771 804 1076 1102 1121 1207 1201 952
-9999 -9999 -9999 -9999 -9999 -9999 742 743 748 754 759 764 768 772 776 779 783 786 788 791 791 791 790 789 787 784 781 778 776 778 773 768 765 766 767 768 770 772 770 769 776 781 792 802 806 807 806 810 822 809 807 806 814 817 816 812 814 819 831 827 821 812 808 804 800 800 806 834 891 919 842 803 773 791 730 856 851 850 853 816 725 674 713 716 737 815 1026 1049 1058 1001 898
-9999 -9999 -9999 -9999 733 735 739 745 750 754 759 764 768 772 775 779 782 785 787 790 793 790 793 792 787 783 778 775 773 772 773 771 768 765 764 766 767 770 781 778 778 785 793 808 815 812 816 824 826 818 812 810 810 805 806 811 814 813 812 814 816 817 822 830 838 845 863 870 900 916 848 801 814 804 758 739 731 732 773 764 680 708 756 690 682 706 766 831 883 811 832
-9999 -9999 -9999 725 729 734 740 746 750 754 760 762 767 774 777 781 786 789 790 791 794 795 794 792 786 783 778 776 773 771 771 774 773 770 766 767 771 774 777 787 787 788 796 807 823 814 815 813 818 833 823 821 819 819 830 840 841 843 852 867 881 900 918 943 922 939 941 937 931 889 837 790 761 764 743 756 811 754 752 757 684 712 795 700 670 695 721 728 677 648 630
-9999 -9999 -9999 -9999 730 736 741 746 751 755 760 765 769 776 782 784 787 788 788 792 795 799 797 796 790 787 780 776 773 773 772 771 774 773 770 768 772 780 782 789 791 796 802 809 820 836 835 834 847 839 853 859 850 851 856 866 887 886 912 942 960 978 976 1005 1013 983 1010 968 908 870 821 777 787 762 743 752 824 733 746 784 686 694 737 737 730 729 836 747 706 638 606
716 723 726 730 734 738 743 748 752 757 761 765 769 773 782 789 790 791 794 796 798 801 801 800 796 792 785 780 778 775 772 771 773 774 772 770 778 788 784 790 796 801 806 816 835 858 874 869 874 886 868 858 859 893 938 958 936 948 951 961 982 1029 1045 1039 1078 1072 1026 965 949 886 820 788 807 815 793 730 710 746 780 695 720 707 741 762 786 788 743 720 760 739 694
719 726 729 733 737 741 744 750 754 758 761 765 769 773 776 782 787 792 794 795 796 797 797 799 805 801 793 786 781 779 774 773 771 771 770 779 788 792 790 791 798 802 807 814 845 876 900 906 914 925 938 968 944 980 959 980 968 989 1016 1031 1005 1029 1097 1122 1198 1202 1079 1016 918 870 884 851 810 842 844 687 673 735 832 814 720 692 763 775 813 786 735 736 723 657 613
729 732 736 739 740 744 748 752 756 760 765 769 772 774 777 780 782 784 786 789 792 795 798 801 806 810 806 796 788 780 774 770 768 765 769 791 792 797 804 795 796 801 803 806 817 841 886 904 941 936 966 982 960 988 990 984 957 985 1026 1029 1002 1074 1192 1232 1210 1138 984 950 904 858 828 824 790 745 726 675 748 810 810 799 830 673 674 665 722 790 696 609 592 593 608
732 735 737 741 743 746 750 755 758 761 766 774 775 773 780 783 780 782 784 785 792 794 797 802 810 818 816 809 801 788 773 767 765 767 769 779 803 800 804 806 801 801 799 796 797 807 845 879 909 924 928 948 967 994 1044 1013 955 938 941 1018 1081 1080 1164 1176 1174 1032 939 891 859 928 859 775 751 690 676 701 694 749 759 769 713 676 712 701 672 682 704 621 579 555 554
730 735 738 740 742 745 752 756 759 762 766 768 772 774 775 777 778 783 783 785 789 793 798 802 806 812 817 818 813 804 778 768 768 781 785 783 787 805 810 812 798 809 801 789 786 788 805 846 875 872 887 899 918 917 961 953 962 1014 1026 1039 1119 1067 1046 1066 1021 942 892 853 869 873 920 826 717 680 679 733 724 693 706 719 705 707 724 689 651 639 644 690 626 596 566
718 726 730 734 741 746 757 766 769 771 770 779 785 786 783 778 781 780 781 788 795 802 805 798 801 804 805 809 817 808 775 786 793 795 802 806 805 799 806 811 790 793 811 792 779 777 780 803 844 836 861 862 855 879 925 946 944 917 922 971 1093 1044 1029 986 984 886 819 850 819 785 822 769 703 704 756 782 780 759 708 649 694 704 642 628 649 647 629 623 607 607 576
710 717 724 735 751 749 764 779 786 784 776 785 794 796 793 796 800 796 792 806 806 804 801 798 808 807 810 809 813 811 787 819 821 832 837 834 836 816 805 800 800 795 788 798 781 766 765 777 797 815 830 826 853 861 868 874 877 880 873 901 985 1035 964 922 870 851 794 770 769 756 762 731 699 690 754 787 743 709 656 688 730 674 656 653 641 683 794 761 695 624 600
704 716 724 732 747 765 785 779 774 779 786 796 793 789 819 821 812 797 807 813 808 803 803 811 818 820 828 832 835 831 809 861 874 873 885 862 876 871 865 820 817 803 794 784 792 762 751 750 756 777 788 794 795 799 797 811 831 869 878 939 901 901 935 953 863 809 774 764 727 715 734 745 720 688 716 731 679 670 677 696 703 664 695 672 653 615 667 764 823 742 717
698 703 713 726 739 766 770 769 774 785 791 800 799 818 827 821 811 808 816 828 820 818 829 840 844 845 853 862 874 853 858 910 952 932 949 946 963 1002 978 885 855 811 800 789 783 790 766 750 773 787 797 814 816 804 807 827 889 922 987 952 878 804 838 839 827 769 728 751 779 766 736 742 735 721 731 706 675 675 682 689 714 677 800 728 718 673 623 660 739 851 884
691 701 711 725 744 754 766 770 783 800 805 814 822 836 843 833 823 826 835 839 839 843 850 855 860 875 877 870 868 865 946 987 986 989 1015 1079 1139 1132 1019 962 928 852 836 812 808 789 781 781 739 810 796 783 777 789 810 853 866 904 919 962 904 806 768 781 780 743 708 736 752 747 732 761 808 786 727 700 678 681 693 688 739 754 793 785 780 688 626 690 661 699 763
687 699 709 714 732 747 764 777 788 803 816 830 836 846 853 850 843 838 841 852 859 865 873 858 850 872 892 919 914 935 957 976 1030 1085 1205 1240 1190 1133 1082 1018 980 951 917 903 885 844 805 768 737 718 769 781 803 773 757 795 839 818 788 804 770 728 721 716 729 698 712 715 693 693 722 793 912 854 766 722 702 671 670 706 810 834 897 806 716 683 655 642 643 679 698
678 685 692 704 718 728 743 758 772 781 802 816 842 867 861 862 853 839 841 847 845 859 867 897 910 914 934 941 915 951 980 1086 1111 1151 1173 1194 1179 1169 1126 1043 1035 989 961 914 856 838 881 882 777 745 724 682 697 735 777 753 736 727 681 702 708 703 731 745 773 737 697 690 665 670 686 726 803 825 780 772 724 685 695 732 813 942 934 723 664 643 649 640 656 654 661
669 678 688 703 713 732 752 789 808 802 816 845 873 886 876 883 879 893 903 901 877 913 925 931 940 942 937 918 918 993 1046 1042 1055 1090 1079 1097 1111 1129 1103 1046 988 949 898 859 866 878 898 859 815 722 686 681 647 667 730 767 715 688 643 649 664 730 746 776 788 741 688 670 653 665 679 713 734 729 732 721 691 742 767 803 884 873 745 673 624 611 633 616 615 633 629
676 680 690 702 725 747 772 796 817 829 845 868 882 897 903 923 937 941 934 908 879 913 926 937 946 915 887 899 967 1036 1089 1065 1060 1086 1085 1047 1044 1023 1050 1022 980 881 892 887 884 889 835 816 759 713 689 686 710 651 713 692 689 705 679 689 683 702 808 833 774 759 682 658 662 657 659 679 724 686 664 699 707 703 720 745 778 767 662 649 615 636 612 613 616 625 620
673 676 692 706 726 753 783 793 810 844 865 898 920 941 953 960 961 961 943 912 911 914 913 925 906 918 950 978 963 1057 1101 1090 1045 1025 1014 976 979 961 943 932 922 853 888 868 842 820 821 797 738 685 680 692 732 680 702 696 707 773 714 718 747 721 763 869 729 665 658 658 657 652 655 646 674 673 736 741 741 683 722 707 713 665 644 643 634 632 634 666 639 647 637
671 684 700 712 726 750 769 785 809 842 872 903 933 966 979 956 933 929 909 890 914 922 893 891 909 950 1040 1069 1004 991 986 989 991 969 963 929 948 927 888 870 877 843 847 792 796 769 768 717 671 691 707 729 763 761 655 697 727 729 754 743 707 674 673 646 632 639 656 649 644 638 652 665 707 728 771 764 760 677 676 658 631 634 647 642 651 660 656 629 618 655 634
678 690 700 713 722 738 764 797 817 831 866 912 948 984 995 982 990 996 958 996 1010 1013 1022 998 1042 1043 1104 1104 1029 1032 1029 1009 972 930 902 875 889 895 854 798 782 778 773 737 741 725 704 671 709 740 751 748 747 757 733 657 683 697 666 592 566 565 585 597 620 645 661 661 651 643 640 708 677 727 744 711 724 676 653 644 643 641 644 614 604 614 633 625 607 657 659
674 678 686 694 711 719 745 780 808 829 856 907 962 1016 1049 1053 1040 996 1019 1077 1053 1051 1054 1056 1074 1108 1124 1100 1087 1062 1037 993 938 896 868 878 839 815 783 741 738 719 721 709 679 663 676 688 728 741 730 709 732 788 752 701 614 566 573 600 589 571 567 591 616 639 668 670 655 651 644 639 680 723 756 750 718 669 659 628 648 646 628 617 601 600 613 646 655 649 635
657 657 663 668 680 700 720 746 774 803 831 859 904 948 992 1009 1016 1004 976 981 1002 1019 1071 1087 1111 1131 1122 1114 1087 1044 1003 968 943 911 863 812 787 782 768 738 753 729 741 703 687 697 748 770 800 768 716 711 746 737 685 616 582 574 607 592 590 590 579 593 613 641 677 673 662 688 681 657 686 727 766 765 698 650 659 649 646 654 635 632 608 612 624 676 674 666 654
642 647 646 647 659 668 695 714 744 775 810 851 880 905 933 942 917 913 923 947 996 1039 1042 1058 1081 1130 1123 1109 1075 1053 1015 957 903 857 835 811 820 795 776 746 748 738 705 724 730 772 776 832 836 764 720 683 673 648 630 627 626 603 604 611 599 616 589 600 614 645 715 698 693 714 707 689 678 716 703 689 661 654 671 666 651 621 638 626 604 612 642 691 676 663 656
633 629 624 629 629 648 659 681 710 739 769 803 831 853 874 902 925 923 907 903 906 930 973 1010 1040 1088 1099 1071 1029 999 965 930 890 861 849 828 828 792 762 742 729 737 767 822 849 821 887 881 780 735 728 711 691 656 660 642 672 679 658 646 635 608 599 609 622 664 756 762 733 731 751 756 692 710 718 717 681 675 683 688 676 643 632 621 617 651 670 682 675 663 653
619 617 626 626 617 626 642 654 675 705 731 755 785 782 803 842 871 893 911 912 912 946 918 940 948 985 1008 1014 995 956 942 913 889 867 844 830 833 788 765 781 741 794 826 866 851 833 845 782 767 772 775 713 669 668 693 679 723 702 651 658 625 616 612 620 631 647 714 741 790 754 790 769 725 748 745 726 720 681 676 681 667 659 649 649 641 672 662 660 664 660 659
615 620 641 635 619 622 642 661 660 680 690 712 727 741 756 768 797 834 865 866 891 914 910 918 944 958 946 942 945 925 917 891 883 855 838 818 804 780 747 800 792 806 835 812 770 791 803 773 791 782 724 696 715 697 688 695 677 693 679 674 631 620 624 632 642 646 713 791 774 777 769 799 790 747 749 731 727 711 679 693 691 677 666 668 672 678 667 659 673 682 681
635 635 625 628 631 638 644 642 636 650 665 676 704 731 745 759 768 774 808 844 851 891 906 896 882 915 917 913 911 907 891 902 908 879 859 810 775 753 774 819 785 750 774 766 758 772 774 752 755 758 716 686 675 663 667 682 697 728 731 724 636 632 638 645 651 656 745 766 746 743 766 791 754 727 711 710 715 707 706 687 690 700 697 698 702 694 679 692 698 689 681
623 615 618 613 613 624 627 630 633 628 641 658 680 705 725 743 766 769 772 818 825 839 884 893 872 917 873 863 856 853 858 863 871 846 841 775 752 757 780 780 770 768 745 747 752 762 778 765 746 743 703 716 725 739 727 749 758 747 744 725 649 651 655 657 663 666 726 707 713 728 698 696 704 707 693 704 692 695 705 715 729 730 733 719 703 725 716 718 722 703 692
639 636 629 631 618 627 627 634 635 627 628 663 671 692 706 727 754 766 756 767 791 810 833 860 849 855 877 853 823 819 821 829 812 817 818 765 757 770 776 762 763 782 752 737 757 775 767 763 748 719 727 732 727 732 750 793 803 774 802 697 664 668 672 671 675 675 693 697 696 698 707 684 685 678 681 679 691 700 710 718 732 737 728 713 714 731 714 720 719 717 713
633 636 631 632 635 647 654 639 647 634 631 642 656 685 694 708 730 751 753 747 771 810 800 830 837 817 819 850 797 784 784 781 773 779 808 774 750 778 786 759 782 773 755 758 749 761 756 785 764 747 726 726 737 747 725 741 732 728 714 682 681 685 684 686 688 686 705 712 705 700 696 677 654 666 662 669 676 707 706 713 721 709 714 723 730 728 736 720 718 718 717
636 639 646 650 652 651 630 648 667 688 685 684 659 659 675 693 710 732 739 739 749 780 785 794 820 810 783 822 805 765 755 750 756 785 804 768 757 778 772 774 801 798 768 768 770 769 748 748 762 755 744 745 751 748 724 711 738 737 693 687 692 696 700 705 702 711 713 711 707 704 695 670 661 676 679 715 723 740 700 704 705 720 707 726 732 726 729 729 728 728 717
651 650 635 643 632 643 656 657 646 625 623 625 630 645 662 680 696 716 726 728 733 746 768 767 792 796 775 764 798 787 742 736 752 772 766 750 753 770 771 772 775 782 766 768 749 744 736 739 762 759 764 735 724 715 734 744 747 707 688 694 701 707 720 720 732 735 727 727 741 729 704 672 680 675 723 738 745 739 708 720 705 727 725 724 741 727 727 732 734 730 754
638 639 645 658 647 652 659 665 671 664 628 621 628 633 639 663 686 702 719 723 722 722 726 745 762 764 768 742 737 770 741 724 741 771 745 740 751 775 776 763 773 770 759 749 738 732 726 745 736 760 753 726 715 729 704 709 692 685 696 701 702 716 731 760 754 755 768 744 726 709 690 680 665 672 679 680 719 730 733 720 718 722 731 724 737 749 744 736 728 728 762
644 647 651 647 651 658 659 664 657 647 629 630 638 637 640 642 667 687 705 690 702 704 714 730 747 752 743 732 720 749 712 716 734 745 726 734 741 743 769 778 763 755 763 747 738 736 732 751 739 752 716 684 674 669 669 665 673 680 686 694 706 727 810 813 797 807 790 795 779 742 716 699 678 669 684 701 703 749 745 741 729 716 720 745 767 776 749 728 724 726 749
640 644 649 647 652 657 657 645 634 636 640 643 648 652 655 651 654 670 669 670 680 691 701 718 736 754 736 724 702 719 714 704 700 712 725 744 787 761 759 764 757 752 739 735 740 739 736 739 730 734 697 668 663 669 664 663 666 675 686 700 734 774 842 931 925 933 873 830 800 780 752 722 685 690 693 706 700 703 708 710 726 771 787 784 793 789 792 776 750 754 762
648 648 647 653 651 656 643 623 621 625 639 652 655 667 671 666 651 652 661 669 680 699 706 721 734 724 733 736 731 703 717 724 702 701 738 767 749 759 764 772 763 754 748 745 752 745 732 742 751 767 682 665 659 657 648 656 665 680 693 714 845 939 918 1079 976 960 874 858 819 793 791 758 726 698 693 703 707 702 707 736 816 825 798 778 786 789 773 783 776 771 761
