taller1/intro_R/datos/mapas/bio12.asc
ncols 660
nrows 456
xllcorner -12.000000
yllcorner 34.000000
cellsize 0.083333
NODATA_value -9999
[rows 240 to 279 of 456, columns 273 to 363 of 660]
584 596 584 564 536 519 520 507 500 500 502 491 486 487 493 499 505 514 522 532 546 556 565 564 561 564 564 565 567 573 578 582 583 570 556 556 555 554 553 556 555 555 556 558 560 558 555 550 553 557 558 559 556 560 561 562 564 565 558 549 545 544 543 542 539 539 537 539 542 539 536 529 527 527 527 526 527 527 526 525 525 526 524 521 514 510 512 513 514 515 517
606 583 564 546 530 526 546 533 516 493 490 489 484 484 485 491 498 503 509 515 523 532 537 543 548 552 556 562 567 569 571 572 573 575 566 562 561 559 555 556 556 558 557 557 557 562 559 555 555 559 564 563 564 567 566 564 565 560 556 553 547 549 548 541 540 539 547 547 543 540 539 535 534 535 533 532 535 534 531 531 531 530 528 526 521 515 511 513 514 516 516
805 758 617 554 534 528 523 515 517 505 492 486 484 486 486 488 494 501 504 511 518 526 531 534 540 546 553 556 561 563 569 578 583 590 581 566 565 565 565 561 560 559 561 560 560 561 562 565 563 563 567 566 569 567 568 571 567 558 553 550 550 548 549 549 549 547 544 540 537 535 535 535 534 534 533 536 537 534 532 532 533 534 534 531 527 520 516 512 514 514 519
828 791 734 728 643 602 574 547 532 520 509 483 481 483 489 490 494 501 503 516 524 550 554 549 544 545 549 558 562 564 568 574 578 581 580 586 588 587 584 570 567 568 569 568 568 570 569 572 575 578 587 584 587 580 574 576 577 576 574 561 563 555 546 543 543 542 541 538 543 537 539 539 535 535 534 535 534 530 530 532 534 534 531 530 526 521 519 517 512 517 520
824 827 762 711 680 653 607 584 559 539 523 505 497 500 493 488 492 499 503 507 520 531 545 554 556 553 551 557 561 564 570 576 587 581 584 585 593 590 588 581 581 582 578 577 579 586 585 587 587 594 596 599 600 590 578 582 580 578 576 573 576 573 569 569 553 541 540 539 540 539 545 542 536 536 533 534 533 532 535 539 539 533 530 529 526 525 521 517 515 519 522
614 664 653 697 670 641 615 599 573 532 527 523 494 489 490 494 495 499 504 510 518 525 531 540 550 552 554 556 561 564 570 572 582 586 585 589 594 596 589 583 580 583 585 582 586 588 589 590 594 595 599 602 599 589 584 582 579 577 577 576 574 571 568 573 561 553 550 553 542 543 547 538 537 535 535 534 534 538 538 534 533 532 530 529 528 530 536 525 521 522 528
584 560 549 556 544 534 524 540 540 545 516 495 495 489 483 489 499 506 510 516 527 534 534 543 555 558 565 579 570 564 570 573 579 584 586 585 589 588 588 590 587 584 583 583 584 586 589 592 596 599 603 604 601 596 594 591 588 586 584 583 584 577 572 568 573 569 559 545 540 546 554 543 539 536 536 536 538 546 558 543 537 537 539 538 538 541 547 535 527 530 534
648 605 576 561 564 511 505 518 567 548 534 528 512 501 492 489 497 505 513 519 527 536 543 542 555 565 574 575 573 569 570 575 583 593 596 600 598 598 600 598 599 588 585 585 585 585 589 594 604 607 608 612 610 606 603 602 601 595 592 588 581 578 575 573 569 559 551 547 542 544 545 553 555 548 547 544 542 546 557 554 556 562 560 549 553 564 557 546 540 539 543
595 597 589 547 528 511 548 530 527 540 529 544 526 505 503 500 505 512 515 520 533 535 544 553 554 571 579 582 573 575 575 579 590 595 603 610 618 612 615 616 600 593 589 588 586 586 593 603 607 614 618 619 624 617 614 612 609 603 602 600 594 587 573 565 564 559 553 546 546 550 552 553 557 560 566 569 565 566 563 559 560 564 562 559 561 558 554 553 549 550 556
586 546 514 508 500 507 544 579 571 570 558 546 535 525 521 520 521 523 518 525 530 543 548 555 564 578 589 591 585 591 592 591 600 605 620 617 624 627 640 638 628 608 599 597 590 586 594 606 615 628 630 622 626 631 622 613 615 613 619 615 611 596 588 575 562 552 550 549 548 548 546 547 550 550 550 553 555 554 554 555 557 563 565 561 562 565 568 562 560 561 563
533 508 496 496 502 521 522 539 552 567 563 558 555 542 558 544 540 526 530 531 534 544 554 571 565 585 600 594 597 614 608 616 616 604 610 622 634 639 637 637 634 627 621 618 610 623 616 609 624 631 624 622 630 633 622 627 632 620 618 629 620 613 606 585 575 565 563 559 558 556 557 557 556 555 552 551 550 551 553 554 558 561 564 564 565 570 577 575 569 572 572
573 532 500 498 506 539 570 567 563 565 589 575 593 575 589 567 556 554 552 548 544 552 568 583 573 595 608 609 615 628 631 634 642 648 637 605 600 630 629 624 633 639 648 638 621 626 624 624 618 618 611 617 631 640 630 640 652 659 641 646 648 636 651 653 603 581 579 577 566 563 563 559 556 559 556 555 552 552 555 558 561 565 565 569 575 575 578 577 581 581 590
558 546 527 528 550 584 580 574 599 616 592 603 616 614 586 584 590 584 575 561 559 565 577 583 586 604 614 621 636 643 655 656 670 668 654 654 624 594 593 604 604 612 619 629 633 624 619 608 610 604 618 615 633 651 661 656 668 673 660 662 701 688 681 662 626 600 593 584 577 570 565 561 558 558 557 557 556 556 557 560 563 568 570 574 578 580 583 586 588 590 597
587 549 529 554 611 604 604 644 635 629 600 607 628 633 611 581 588 595 581 578 573 579 587 605 621 611 619 618 654 673 685 679 687 696 687 682 656 644 631 627 614 598 598 593 615 630 621 606 589 584 606 631 650 700 776 768 775 712 677 667 671 683 708 695 667 640 616 597 585 575 573 600 567 560 560 559 559 561 562 565 566 569 575 579 584 590 593 597 599 602 607
666 626 613 599 618 631 637 646 630 595 621 637 636 641 629 601 598 608 606 585 586 584 603 620 628 619 639 654 653 676 704 706 709 736 746 756 711 704 689 658 625 579 595 576 612 614 599 594 593 604 610 612 674 722 741 762 832 879 833 787 738 750 729 689 695 691 657 649 611 585 584 590 572 563 562 562 563 565 567 571 574 578 578 582 588 596 602 605 607 615 617
774 702 659 639 631 631 596 594 619 616 615 654 677 665 646 632 619 617 619 600 596 600 625 639 660 679 683 663 711 688 698 738 741 767 792 782 722 686 617 610 596 583 600 578 568 554 559 563 569 581 610 612 624 660 661 702 718 809 854 963 873 778 715 704 703 723 731 678 709 645 592 595 588 585 581 574 584 573 577 576 578 581 585 593 596 600 608 611 616 614 620
872 832 781 730 679 688 718 620 641 669 687 695 701 681 668 670 637 621 629 640 629 625 640 649 711 751 714 686 727 760 768 744 759 748 707 615 575 565 557 566 605 589 594 564 557 543 544 547 556 568 574 577 589 605 631 648 665 699 698 755 755 748 707 717 714 682 676 682 700 693 653 606 594 598 585 579 587 585 585 580 581 596 593 602 610 611 614 618 620 622 624
704 780 814 770 811 798 744 693 709 742 733 692 716 721 705 686 644 636 646 651 689 703 693 714 684 724 736 758 770 815 803 769 705 580 577 571 578 633 597 543 545 528 529 535 541 540 540 541 546 549 546 554 567 582 612 644 648 671 667 669 675 682 682 688 698 674 679 634 629 632 646 610 583 580 589 591 599 595 589 586 586 597 602 610 618 621 618 626 633 636 638
671 698 770 831 841 801 796 765 794 780 758 719 741 759 730 662 644 657 688 729 758 789 818 799 809 856 864 833 810 775 701 632 592 575 572 561 586 583 546 522 512 505 503 505 518 531 536 535 535 534 533 542 558 579 587 596 621 634 657 673 663 674 674 648 657 641 703 708 648 606 592 618 626 605 582 576 577 582 583 590 600 605 608 609 615 621 621 626 648 661 662
644 666 684 673 696 722 714 744 767 777 773 742 752 733 729 700 692 662 691 773 763 816 864 836 876 872 846 768 668 630 600 580 573 567 557 542 541 531 533 529 513 509 507 497 495 507 518 522 524 523 531 541 553 558 571 579 586 603 618 628 632 623 613 609 620 663 696 741 712 638 590 605 641 680 664 600 591 594 603 609 620 623 623 623 623 625 629 630 632 639 646
620 628 631 643 636 631 656 693 710 741 791 761 766 740 713 719 727 700 672 700 726 695 721 687 675 637 620 659 720 667 598 575 573 564 563 567 568 575 549 526 509 497 494 487 487 491 498 510 512 518 523 533 537 544 555 571 578 584 595 603 604 598 600 597 601 624 684 763 748 715 612 620 701 679 744 695 652 661 643 643 655 637 631 629 635 638 640 643 642 640 650
623 631 626 635 631 633 649 674 710 743 770 770 752 732 728 743 726 723 705 631 638 648 613 601 623 630 667 748 778 720 639 597 585 591 602 602 609 589 564 534 518 502 497 494 496 491 494 499 504 509 516 522 528 539 551 561 568 576 583 592 587 588 591 590 611 598 622 670 728 719 642 629 784 787 760 776 750 694 779 744 738 684 664 647 652 653 658 665 659 656 655
642 624 633 638 648 645 648 654 668 665 714 736 761 791 737 710 690 672 628 597 588 604 649 729 703 692 711 710 694 671 644 617 616 620 594 583 594 591 577 556 539 515 505 496 498 502 507 509 510 514 518 521 528 536 548 557 562 571 578 576 577 584 591 589 585 589 600 626 634 657 670 649 710 738 670 748 801 815 817 754 726 721 679 669 661 657 659 662 671 663 670
640 632 629 684 724 701 702 667 644 658 671 737 830 828 743 715 679 665 654 613 608 634 766 787 724 711 707 709 674 659 659 654 666 649 621 616 588 569 564 562 539 529 517 504 503 510 519 532 534 531 534 534 541 538 547 553 560 563 568 569 571 571 572 581 584 586 612 617 607 621 660 694 699 673 661 651 737 878 800 743 712 705 687 675 665 671 671 666 665 665 676
637 626 646 676 723 701 693 714 681 653 662 725 788 759 744 727 720 667 644 664 696 717 668 680 722 715 697 704 689 676 655 627 640 616 600 595 608 603 579 541 537 534 518 510 530 542 553 565 571 565 561 560 570 569 552 552 561 586 587 580 578 575 574 580 585 577 602 608 615 609 625 666 635 607 601 640 715 748 725 723 713 732 713 686 672 666 673 677 685 688 680
648 640 638 694 723 700 687 685 696 702 680 679 686 678 704 735 673 647 642 651 703 707 654 619 658 673 656 649 670 668 647 639 621 613 631 632 637 591 562 565 569 571 559 534 542 552 551 554 570 573 575 594 610 595 582 575 573 585 631 633 613 597 594 603 616 594 588 620 616 609 587 610 616 586 594 618 615 674 713 727 744 731 716 709 698 692 713 711 696 691 691
646 643 641 639 693 683 695 689 708 708 717 696 673 667 686 701 664 649 668 712 746 691 653 625 641 640 645 633 634 632 623 619 617 627 656 663 652 643 631 619 606 574 567 561 564 567 557 568 596 590 585 593 614 623 626 617 617 614 620 655 669 660 653 648 661 634 618 627 615 637 592 598 634 592 570 581 578 603 679 720 730 753 733 728 728 748 730 713 698 692 702
647 644 649 638 648 702 718 726 698 687 694 700 675 657 648 649 635 647 671 728 736 698 689 659 646 650 641 653 636 626 624 622 642 656 657 684 720 760 682 642 616 601 576 571 584 597 587 611 608 594 606 601 598 614 623 640 639 648 650 650 662 677 693 698 694 660 658 659 608 635 609 594 603 600 589 573 574 581 611 695 717 729 743 739 727 711 693 688 693 710 728
662 652 644 643 665 676 709 726 710 687 705 680 663 665 662 646 633 653 674 688 673 664 687 673 666 658 669 656 645 643 643 659 683 662 688 740 753 717 686 672 642 607 605 619 602 624 646 648 620 621 651 634 632 622 654 635 631 634 636 648 673 682 693 716 698 664 672 663 620 614 614 586 622 636 619 586 574 582 592 636 706 749 744 729 715 687 688 706 719 747 785
674 661 645 647 663 669 662 684 685 705 702 690 663 679 674 670 646 668 679 722 721 736 760 709 665 654 668 660 681 678 674 694 721 705 714 747 741 718 682 667 652 644 660 667 684 664 670 658 637 671 675 666 645 633 654 666 664 652 644 645 654 663 664 669 668 657 641 633 644 595 586 608 670 642 601 584 577 585 590 616 641 660 664 672 677 688 721 753 797 795 859
675 667 653 647 652 661 674 693 720 717 729 700 666 660 674 680 665 652 680 688 710 753 728 756 737 688 689 708 726 724 699 712 739 733 725 740 711 702 694 679 663 654 672 670 672 677 660 651 672 703 685 672 676 663 671 684 694 681 651 656 672 674 652 656 640 630 628 622 644 581 572 639 671 665 613 584 574 581 589 603 617 636 658 676 703 723 725 758 788 854 930
686 686 680 660 666 676 690 701 727 747 723 708 701 681 663 654 637 649 672 674 704 697 700 756 836 735 725 750 759 730 725 764 786 769 752 735 736 733 717 702 680 675 678 680 665 670 665 647 659 692 710 717 706 689 708 704 687 678 670 657 674 657 642 642 651 636 602 580 579 577 579 613 637 643 628 599 581 588 593 601 617 642 671 738 784 766 748 809 859 880 900
710 705 692 677 676 688 703 715 704 740 735 721 697 685 670 671 644 665 669 683 704 715 724 731 731 736 745 795 779 794 824 832 815 780 756 754 731 728 717 703 688 714 693 686 672 682 683 665 674 689 711 708 711 713 722 711 692 705 698 674 658 664 645 627 628 631 619 593 549 557 572 591 621 609 584 580 589 601 620 611 615 633 667 699 723 760 773 789 828 877 926
721 712 703 691 692 701 706 706 719 739 734 734 722 696 670 662 666 682 670 690 693 696 697 713 755 788 861 876 976 1002 1019 967 860 845 830 839 811 765 766 747 719 703 727 708 697 703 683 676 681 686 707 690 700 715 734 723 692 709 710 698 655 643 634 626 611 617 616 582 572 540 526 549 567 567 577 597 627 636 634 656 645 636 670 695 712 744 790 803 831 821 847
725 729 717 718 729 720 724 741 729 739 736 745 724 719 685 671 666 712 723 757 756 783 759 779 782 797 868 968 1087 992 1111 1047 988 969 1009 931 871 831 810 781 760 731 719 727 722 736 703 692 691 697 703 702 715 730 726 701 680 694 693 691 661 646 649 626 614 592 578 566 566 546 522 524 539 560 585 609 615 654 680 652 632 643 674 698 729 742 751 781 849 821 766
748 732 732 775 780 773 755 748 736 732 730 745 742 719 699 682 667 694 716 742 790 828 771 808 920 858 849 876 967 940 984 1152 1131 1150 1123 1046 980 964 868 837 808 768 740 725 724 749 734 716 707 706 713 729 752 758 736 697 689 679 682 674 652 637 636 622 603 590 573 573 545 539 536 537 559 578 590 603 617 638 646 626 633 662 667 680 703 750 774 777 792 735 732
792 760 756 785 792 778 763 746 764 761 743 734 744 736 714 698 694 688 694 702 717 735 747 770 833 970 919 967 919 937 1011 1109 1183 1201 1129 1083 1076 1036 979 967 897 858 804 763 739 762 759 741 726 721 726 748 755 750 719 707 694 683 669 665 653 639 625 605 594 577 575 559 550 545 546 562 581 581 587 601 610 623 626 629 649 670 688 713 776 781 750 728 693 739 806
775 781 786 771 773 765 758 759 767 756 736 732 722 719 717 721 724 723 724 732 740 747 755 766 780 800 855 994 949 983 964 978 1022 1051 1079 1097 1051 1010 1047 1071 977 907 902 813 790 781 771 761 755 740 741 755 761 742 716 722 697 695 675 668 663 648 634 608 592 575 572 568 564 561 572 568 574 589 606 610 621 625 641 664 687 715 775 770 741 742 685 680 753 768 819
782 785 780 775 772 758 745 741 738 737 733 724 729 733 747 748 758 759 762 772 783 787 795 796 803 811 823 849 871 969 953 933 941 981 1020 1097 1124 1147 1030 1047 989 928 881 884 852 835 828 799 784 772 756 764 762 754 733 754 721 712 703 689 672 661 627 600 590 579 576 572 570 578 588 593 590 597 611 620 630 654 680 720 723 731 730 706 686 665 708 786 716 688 734
758 757 755 761 765 753 752 750 747 745 747 762 765 771 778 782 786 792 801 814 815 820 817 822 837 847 851 855 887 915 925 947 933 956 1029 1052 1027 1053 1108 1016 1003 1008 941 929 894 871 896 917 879 818 805 801 783 773 761 757 744 712 694 689 670 634 613 605 600 589 582 582 586 614 613 610 611 613 623 636 656 677 677 677 699 713 708 684 663 660 759 786 697 672 681
