taller1/intro_R/datos/mapas/bio5.asc
ncols 660
nrows 456
xllcorner -12.000000
yllcorner 34.000000
cellsize 0.083333
NODATA_value -9999
[rows 410 to 450 of 456, columns 182 to 272 of 660]
-9999 -9999 -9999 -9999 -9999 -9999 -9999 -9999 -9999 -9999 -9999 -9999 -9999 -9999 -9999 -9999 -9999 -9999 -9999 -9999 -9999 -9999 -9999 -9999 -9999 -9999 -9999 -9999 -9999 -9999 -9999 -9999 -9999 -9999 -9999 -9999 -9999 -9999 -9999 -9999 -9999 -9999 -9999 -9999 -9999 -9999 -9999 -9999 -9999 -9999 -9999 -9999 -9999 -9999 -9999 -9999 -9999 -9999 -9999 -9999 -9999 -9999 -9999 -9999 -9999 -9999 -9999 -9999 -9999 -9999 -9999 -9999 -9999 -9999 -9999 -9999 -9999 -9999 -9999 -9999 -9999 -9999 -9999 -9999 -9999 -9999 -9999 -9999 -9999 -9999 -9999
-9999 -9999 -9999 -9999 -9999 -9999 -9999 -9999 -9999 -9999 -9999 -9999 -9999 -9999 -9999 -9999 -9999 -9999 -9999 -9999 -9999 -9999 -9999 -9999 -9999 -9999 -9999 -9999 -9999 -9999 -9999 -9999 -9999 -9999 -9999 -9999 -9999 -9999 -9999 -9999 -9999 -9999 -9999 -9999 -9999 -9999 -9999 -9999 -9999 -9999 -9999 -9999 -9999 -9999 -9999 -9999 -9999 -9999 -9999 -9999 -9999 -9999 -9999 -9999 -9999 -9999 -9999 -9999 -9999 -9999 -9999 -9999 -9999 -9999 -9999 -9999 -9999 -9999 -9999 -9999 -9999 -9999 -9999 -9999 -9999 -9999 -9999 -9999 -9999 -9999 -9999
-9999 -9999 -9999 -9999 -9999 -9999 -9999 -9999 -9999 -9999 -9999 -9999 -9999 -9999 -9999 -9999 -9999 -9999 -9999 -9999 -9999 -9999 -9999 -9999 -9999 -9999 -9999 -9999 -9999 -9999 -9999 -9999 -9999 -9999 -9999 -9999 -9999 -9999 -9999 -9999 -9999 -9999 -9999 -9999 -9999 -9999 -9999 -9999 -9999 -9999 -9999 -9999 -9999 -9999 -9999 -9999 -9999 -9999 -9999 -9999 -9999 -9999 -9999 -9999 -9999 -9999 -9999 -9999 -9999 -9999 -9999 -9999 -9999 -9999 -9999 -9999 -9999 -9999 -9999 -9999 -9999 -9999 -9999 -9999 -9999 -9999 -9999 -9999 -9999 -9999 -9999
-9999 -9999 -9999 -9999 -9999 -9999 -9999 -9999 -9999 -9999 -9999 -9999 -9999 -9999 -9999 -9999 -9999 -9999 -9999 -9999 -9999 -9999 -9999 -9999 -9999 -9999 -9999 -9999 -9999 -9999 -9999 -9999 -9999 -9999 -9999 -9999 -9999 -9999 -9999 -9999 -9999 -9999 -9999 -9999 -9999 -9999 -9999 -9999 -9999 -9999 -9999 -9999 -9999 -9999 -9999 -9999 -9999 -9999 -9999 -9999 -9999 -9999 -9999 -9999 -9999 -9999 -9999 -9999 301 302 -9999 -9999 -9999 -9999 -9999 -9999 -9999 -9999 -9999 -9999 -9999 -9999 -9999 -9999 -9999 -9999 -9999 -9999 -9999 -9999 -9999
-9999 -9999 -9999 -9999 -9999 -9999 -9999 -9999 -9999 -9999 -9999 -9999 -9999 -9999 -9999 -9999 -9999 -9999 -9999 -9999 -9999 -9999 -9999 -9999 -9999 -9999 -9999 -9999 -9999 -9999 -9999 -9999 -9999 -9999 -9999 -9999 -9999 -9999 -9999 -9999 -9999 -9999 -9999 -9999 -9999 -9999 -9999 -9999 -9999 -9999 -9999 -9999 -9999 -9999 -9999 -9999 -9999 -9999 -9999 -9999 -9999 -9999 -9999 -9999 -9999 -9999 -9999 -9999 -9999 -9999 -9999 -9999 -9999 -9999 -9999 -9999 -9999 -9999 -9999 -9999 -9999 -9999 -9999 -9999 -9999 -9999 -9999 -9999 -9999 -9999 -9999
-9999 -9999 -9999 -9999 -9999 -9999 -9999 -9999 -9999 -9999 -9999 -9999 -9999 -9999 -9999 -9999 -9999 -9999 -9999 -9999 -9999 -9999 -9999 -9999 -9999 -9999 -9999 -9999 -9999 -9999 -9999 -9999 -9999 -9999 -9999 -9999 -9999 -9999 -9999 -9999 -9999 -9999 -9999 -9999 -9999 -9999 -9999 -9999 -9999 -9999 -9999 -9999 -9999 -9999 -9999 -9999 -9999 -9999 -9999 -9999 -9999 -9999 -9999 -9999 -9999 -9999 -9999 -9999 -9999 -9999 -9999 -9999 -9999 -9999 -9999 -9999 -9999 -9999 310 310 -9999 -9999 -9999 -9999 -9999 -9999 -9999 -9999 -9999 -9999 -9999
-9999 -9999 -9999 -9999 -9999 -9999 -9999 -9999 -9999 -9999 -9999 -9999 -9999 -9999 -9999 -9999 -9999 -9999 -9999 -9999 -9999 -9999 -9999 -9999 -9999 -9999 -9999 -9999 -9999 -9999 -9999 -9999 -9999 -9999 -9999 -9999 -9999 -9999 -9999 -9999 -9999 -9999 -9999 -9999 -9999 -9999 -9999 -9999 -9999 -9999 -9999 -9999 -9999 -9999 -9999 -9999 -9999 -9999 -9999 -9999 -9999 -9999 -9999 -9999 -9999 -9999 -9999 -9999 -9999 -9999 -9999 -9999 -9999 -9999 313 312 310 310 310 309 310 312 312 -9999 -9999 -9999 -9999 -9999 -9999 -9999 -9999
-9999 -9999 -9999 -9999 -9999 -9999 -9999 -9999 -9999 -9999 -9999 -9999 -9999 -9999 -9999 -9999 -9999 -9999 -9999 -9999 -9999 -9999 -9999 -9999 -9999 -9999 -9999 -9999 -9999 -9999 -9999 -9999 -9999 -9999 -9999 -9999 -9999 -9999 -9999 -9999 -9999 -9999 -9999 -9999 -9999 -9999 -9999 -9999 -9999 -9999 -9999 -9999 -9999 -9999 -9999 -9999 -9999 -9999 -9999 -9999 -9999 -9999 -9999 -9999 -9999 -9999 -9999 -9999 -9999 -9999 -9999 315 315 315 315 313 313 313 312 312 311 313 312 314 316 318 -9999 -9999 -9999 -9999 -9999
-9999 -9999 -9999 -9999 -9999 -9999 -9999 -9999 -9999 -9999 -9999 -9999 -9999 -9999 -9999 -9999 -9999 -9999 -9999 -9999 -9999 -9999 -9999 -9999 -9999 -9999 -9999 -9999 -9999 -9999 -9999 -9999 -9999 -9999 -9999 -9999 -9999 -9999 303 302 -9999 -9999 -9999 -9999 -9999 -9999 -9999 -9999 300 -9999 301 -9999 -9999 -9999 -9999 -9999 -9999 -9999 -9999 -9999 -9999 -9999 -9999 -9999 -9999 -9999 -9999 -9999 -9999 316 316 317 318 318 317 315 317 316 315 314 314 313 315 316 318 -9999 -9999 -9999 -9999 -9999 -9999
-9999 -9999 -9999 -9999 -9999 -9999 -9999 -9999 -9999 -9999 -9999 -9999 -9999 -9999 -9999 -9999 -9999 -9999 -9999 -9999 -9999 -9999 -9999 -9999 -9999 -9999 -9999 -9999 -9999 -9999 -9999 -9999 -9999 -9999 -9999 -9999 -9999 296 292 293 299 -9999 -9999 -9999 -9999 -9999 -9999 -9999 298 301 302 303 303 -9999 -9999 -9999 -9999 -9999 -9999 -9999 -9999 -9999 -9999 -9999 -9999 -9999 -9999 -9999 318 318 320 322 322 321 319 319 319 319 318 316 316 315 316 317 318 -9999 -9999 -9999 -9999 -9999 -9999
-9999 -9999 -9999 -9999 -9999 -9999 -9999 -9999 302 -9999 -9999 -9999 -9999 -9999 -9999 -9999 -9999 -9999 -9999 -9999 -9999 -9999 -9999 -9999 -9999 -9999 -9999 -9999 -9999 -9999 -9999 -9999 -9999 -9999 -9999 -9999 309 299 293 296 302 299 296 293 291 -9999 301 303 306 306 307 306 304 306 305 304 -9999 -9999 -9999 313 314 316 317 -9999 318 319 318 318 321 324 326 327 327 324 323 322 321 321 321 318 318 318 318 318 320 322 -9999 -9999 -9999 -9999 -9999
-9999 -9999 -9999 -9999 -9999 314 312 310 308 311 310 311 308 308 306 304 303 301 299 295 295 294 -9999 -9999 -9999 -9999 -9999 -9999 -9999 -9999 -9999 -9999 -9999 308 307 309 304 306 302 302 304 301 299 297 294 296 302 306 310 312 312 312 310 305 305 302 304 310 313 315 317 319 321 322 323 324 325 326 329 330 331 333 331 330 327 325 325 326 324 323 322 321 320 320 322 323 325 -9999 330 331 334
313 316 317 319 318 318 317 316 316 317 317 316 316 312 307 305 300 295 297 293 289 294 294 294 -9999 -9999 -9999 -9999 301 299 299 303 306 306 296 309 310 313 310 305 307 305 303 301 300 303 309 315 317 319 318 317 314 311 307 304 308 313 317 320 323 325 328 330 332 331 328 330 332 335 338 339 338 334 334 332 330 328 328 328 326 324 323 324 325 325 -9999 -9999 328 330 330
311 317 317 317 315 323 323 320 320 325 325 324 322 319 314 304 300 295 294 294 296 296 295 297 299 -9999 -9999 302 298 287 289 295 299 300 296 298 303 308 312 309 308 309 308 306 307 311 316 321 323 325 325 325 322 317 313 312 315 319 320 325 328 329 334 333 338 336 338 337 336 342 348 345 347 342 341 338 334 336 335 332 331 329 327 328 328 328 326 328 329 330 329
305 308 311 310 315 319 323 322 327 327 326 327 322 318 319 312 300 300 303 300 300 295 291 292 297 296 297 289 286 281 279 287 288 284 285 286 294 311 303 303 304 312 312 313 314 314 318 321 327 332 329 328 330 327 323 321 322 324 326 328 332 332 324 330 337 345 351 352 355 355 355 354 351 348 347 344 343 341 339 336 334 333 332 331 330 329 326 327 328 328 329
301 301 302 307 317 323 323 322 328 329 329 329 328 322 316 310 307 312 303 295 295 292 288 285 283 290 287 279 280 279 278 282 287 292 289 297 307 315 311 306 310 313 314 315 316 317 311 312 330 325 335 334 324 328 331 327 318 317 327 330 326 316 330 344 349 355 360 363 363 362 360 354 347 349 350 349 345 343 342 340 338 337 336 333 330 329 325 324 326 326 326
300 301 304 308 314 318 323 324 322 320 307 305 308 311 308 316 318 312 306 301 298 295 292 290 289 290 286 283 284 289 292 291 297 297 308 316 313 315 320 320 320 318 309 301 305 307 311 315 323 334 336 346 345 340 337 334 326 321 326 327 324 330 349 357 364 366 368 369 367 364 356 344 346 351 348 351 345 345 345 343 342 341 340 338 335 330 327 326 325 324 326
303 303 306 310 312 315 318 321 323 326 331 332 333 333 330 325 320 315 310 306 303 299 296 294 294 293 292 293 293 294 294 293 298 301 304 307 305 299 309 316 319 321 306 299 309 310 316 315 311 326 311 331 341 338 332 329 313 310 306 316 325 332 334 341 355 357 367 367 364 368 360 347 352 348 351 354 350 348 348 347 346 344 341 334 337 334 330 327 326 325 -9999
308 308 310 313 316 318 321 323 325 328 331 334 335 333 331 324 321 317 316 312 307 306 302 301 302 302 302 302 300 301 298 297 299 298 297 297 301 307 304 311 321 325 324 310 300 303 305 314 310 321 311 317 314 321 316 317 314 324 327 326 331 329 328 336 350 366 367 360 360 366 362 357 355 357 355 352 350 347 346 347 347 344 340 339 336 334 330 327 326 -9999 -9999
311 312 314 315 316 317 321 323 326 329 328 326 326 328 329 326 324 323 322 320 316 312 308 304 306 309 313 313 309 309 307 303 303 301 304 307 308 311 317 313 317 320 323 315 308 304 306 312 314 320 312 301 305 310 316 315 320 322 322 326 325 333 339 346 361 368 357 353 361 364 364 362 357 358 353 349 345 344 345 345 342 340 345 343 339 334 330 326 -9999 -9999 -9999
312 312 314 309 311 310 318 322 324 328 326 324 324 328 328 326 327 324 327 327 322 317 311 307 306 307 310 314 314 314 314 312 311 310 310 312 311 311 317 315 311 315 312 310 306 302 305 318 317 318 321 314 324 319 319 317 321 321 324 334 339 346 355 362 365 364 364 361 362 362 358 360 353 354 356 345 344 346 344 347 349 349 349 346 340 336 330 325 -9999 -9999 -9999
312 310 312 312 317 315 319 323 320 325 324 318 319 327 326 316 322 331 333 332 325 319 313 308 304 303 306 311 314 316 317 316 315 314 313 312 313 314 310 313 318 319 297 309 314 310 310 310 315 321 323 326 322 319 319 325 325 327 336 343 348 348 357 363 362 363 361 360 360 360 363 358 347 351 356 351 343 337 352 353 354 353 352 348 343 337 329 322 317 -9999 -9999
307 308 311 319 326 330 334 333 332 329 329 325 325 325 325 326 328 329 330 329 324 316 313 309 303 298 302 309 314 317 319 320 319 317 313 313 312 310 308 305 316 317 307 312 307 302 305 310 316 319 319 323 324 320 327 331 333 338 342 344 353 358 362 363 358 355 359 360 361 356 355 353 346 342 347 350 341 350 355 351 356 357 355 352 346 338 330 320 313 309 -9999
306 312 316 321 325 335 338 342 337 332 329 325 324 323 322 323 324 325 320 312 314 313 311 311 308 298 304 310 315 319 320 319 322 321 321 320 318 315 315 315 318 316 314 311 307 308 311 307 315 315 316 317 320 323 329 331 334 337 344 349 352 358 360 360 360 355 355 354 351 348 340 335 343 346 340 341 349 354 353 354 360 360 359 356 349 341 332 322 313 312 -9999
312 315 320 324 329 333 337 337 333 328 324 320 317 315 314 313 314 319 322 324 319 317 316 312 309 306 310 312 317 318 316 315 325 325 324 325 323 320 315 309 312 310 315 317 317 316 315 316 317 316 314 309 311 322 328 332 336 336 341 348 351 355 354 353 362 362 357 347 349 350 349 340 342 346 343 347 354 353 351 359 362 363 363 361 354 345 335 325 319 315 311
313 315 319 322 326 329 331 330 327 323 318 315 312 310 308 307 307 312 318 322 325 326 325 320 315 314 315 316 314 323 322 325 329 326 316 319 325 321 318 312 314 315 316 314 311 316 318 320 321 320 318 313 315 324 331 333 336 341 335 342 348 348 345 352 361 363 359 355 353 356 358 348 342 347 352 355 357 359 351 358 361 363 366 366 358 348 338 329 323 317 310
311 313 316 319 322 324 325 324 322 318 313 310 308 307 307 307 308 313 319 325 329 332 335 336 334 332 331 329 329 335 332 329 324 322 314 309 321 319 313 301 309 316 315 316 318 318 319 321 322 321 321 321 317 325 330 329 330 341 342 331 342 341 344 354 359 360 360 356 348 347 358 358 347 353 355 356 357 359 360 359 360 361 365 366 359 350 341 333 326 319 313
309 310 312 315 317 319 320 320 317 313 309 305 305 306 307 309 312 317 323 329 334 339 344 348 350 349 342 345 346 339 328 315 304 307 318 328 327 319 314 314 314 311 315 317 317 317 319 319 319 317 313 311 322 324 317 319 333 339 347 333 330 340 348 352 354 349 347 351 348 348 358 362 361 361 361 359 357 357 361 360 359 360 362 361 357 350 343 336 330 324 318
307 307 308 310 312 314 316 316 314 311 308 302 304 307 309 312 317 322 327 333 340 346 351 357 361 364 363 360 352 338 327 325 326 332 330 313 305 308 309 314 312 309 308 301 297 306 302 305 307 302 303 318 322 317 313 318 333 340 349 346 343 343 347 352 350 343 349 351 352 350 349 360 358 356 362 362 362 360 358 359 359 359 358 357 354 349 343 338 333 328 324
303 304 305 305 308 311 313 313 313 312 313 305 305 308 312 316 321 326 332 338 344 351 357 363 369 374 375 367 360 353 346 342 342 340 334 309 296 287 295 293 296 294 285 290 283 282 280 296 303 310 312 316 317 314 320 322 322 318 328 337 347 344 348 354 361 360 356 350 350 354 359 358 352 360 364 363 361 360 359 358 359 357 356 354 351 347 343 339 336 332 329
299 299 301 305 309 312 313 313 313 313 311 311 308 312 316 320 324 329 335 342 347 354 359 367 373 378 378 366 354 344 347 350 346 336 324 315 309 299 304 300 293 284 296 301 285 292 297 302 307 302 305 311 314 316 323 324 318 315 326 334 339 338 341 350 358 363 363 346 350 360 363 359 362 365 364 363 361 360 356 356 357 356 354 351 348 345 341 338 336 335 332
294 299 304 308 310 312 313 313 314 314 313 313 313 316 319 323 327 332 339 345 350 356 362 370 375 376 376 369 366 362 362 349 331 326 335 320 313 322 310 300 302 295 298 312 311 314 316 311 298 296 309 319 316 319 326 326 326 331 334 339 342 336 339 343 347 349 352 366 365 363 364 365 366 366 365 364 361 358 355 356 354 353 351 348 345 342 339 337 335 334 331
296 302 306 309 310 311 313 314 315 316 317 318 319 321 323 326 330 336 342 347 349 354 363 371 376 372 376 378 379 377 368 360 350 347 331 332 340 335 307 320 317 307 304 316 326 325 312 304 300 308 321 321 327 329 330 333 329 328 327 336 347 343 342 345 351 350 360 362 356 357 366 365 366 366 365 364 359 357 355 355 353 351 348 344 341 338 336 335 332 329 327
299 305 307 309 310 313 314 316 318 319 320 320 322 323 326 329 334 339 345 349 351 357 362 372 379 381 385 390 390 387 383 376 359 357 362 357 336 316 319 331 327 312 330 338 317 305 313 309 308 321 318 315 329 329 339 337 338 338 339 343 349 352 354 356 359 360 361 358 356 362 363 366 367 366 364 362 360 357 356 353 348 348 345 342 339 336 334 331 328 325 322
305 307 310 312 314 316 317 319 320 321 322 324 324 327 330 334 338 344 348 350 354 362 370 376 384 390 393 395 396 396 395 391 383 382 368 345 337 348 350 341 349 349 358 331 303 310 327 322 327 324 319 322 335 334 342 343 342 342 339 347 354 352 357 360 362 363 362 362 365 366 364 366 367 366 361 360 358 355 353 350 349 346 343 339 336 333 330 327 323 320 317
310 313 315 316 318 319 321 322 323 324 326 328 330 333 335 339 344 346 350 357 362 365 367 381 388 390 393 398 399 400 403 402 398 391 385 383 381 380 381 378 371 354 366 358 351 346 349 346 343 343 343 342 347 348 349 350 349 349 354 354 356 361 361 364 366 367 367 368 367 365 365 368 367 365 363 362 358 353 354 352 349 345 340 336 332 329 326 322 319 316 313
318 319 320 321 322 323 324 324 326 328 330 332 334 336 339 342 345 348 353 363 372 377 381 387 388 390 396 400 401 405 409 408 406 403 401 399 396 394 392 390 389 387 385 382 379 374 371 369 369 366 356 354 350 353 351 351 349 350 356 360 363 365 364 366 369 371 371 370 367 370 369 368 366 364 362 360 358 355 354 351 348 343 337 333 330 326 323 319 315 312 310
324 326 326 326 326 326 328 329 331 331 334 336 339 341 343 349 352 355 363 369 377 383 388 392 396 399 402 404 407 409 411 410 409 407 405 404 402 399 397 395 394 392 390 389 387 385 382 377 378 376 373 369 366 364 353 351 350 353 358 361 362 366 370 371 373 374 374 375 375 371 370 367 363 364 363 362 359 356 354 350 347 342 337 332 329 325 321 317 313 309 307
329 330 329 330 330 330 332 334 335 337 338 339 342 345 351 356 360 364 367 375 382 387 392 396 399 402 405 407 409 410 411 411 410 409 408 406 405 403 400 399 397 395 394 393 391 390 388 386 384 382 380 379 377 375 372 371 368 364 365 367 362 367 369 374 375 377 378 377 376 374 373 369 365 365 364 361 359 355 351 349 344 340 336 332 328 324 320 316 312 309 307
332 332 332 335 336 337 337 338 337 338 340 345 350 354 357 362 366 370 376 381 386 390 394 398 401 404 406 408 409 410 411 411 411 410 409 408 407 405 403 401 400 399 397 396 395 393 392 390 388 387 385 382 380 378 375 370 368 370 371 367 372 375 376 379 370 376 380 380 379 377 375 371 366 364 361 360 356 351 349 346 343 339 336 331 327 323 320 316 313 311 -9999
336 337 339 341 342 342 340 340 339 342 349 354 357 361 365 369 373 378 382 385 389 393 397 400 402 404 406 408 410 411 412 412 412 411 411 409 408 407 405 404 402 401 400 399 398 396 394 393 391 390 390 388 382 377 374 372 376 377 378 376 380 382 383 383 381 385 380 382 380 377 374 369 361 359 365 361 357 355 352 347 343 338 334 331 327 324 320 318 -9999 -9999 -9999
