taller1/intro_R/datos/mapas/bio5.asc
ncols 660
nrows 456
xllcorner -12.000000
yllcorner 34.000000
cellsize 0.083333
NODATA_value -9999
[rows 82 to 122 of 456, columns 546 to 636 of 660]
184 184 183 182 182 182 181 181 181 180 180 180 180 179 179 -9999 -9999 -9999 -9999 -9999 -9999 -9999 -9999 -9999 183 184 183 185 186 185 185 186 187 188 -9999 -9999 -9999 -9999 -9999 192 192 191 190 190 191 192 193 195 -9999 -9999 -9999 -9999 -9999 -9999 -9999 -9999 -9999 -9999 -9999 -9999 -9999 -9999 -9999 -9999 -9999 -9999 -9999 -9999 -9999 -9999 -9999 -9999 -9999 -9999 -9999 -9999 -9999 -9999 200 199 198 198 198 197 196 194 194 194 194 194 195
185 184 183 183 183 183 183 182 182 181 181 181 180 179 179 179 -9999 -9999 -9999 -9999 -9999 -9999 -9999 -9999 184 184 184 185 186 187 186 -9999 -9999 -9999 -9999 -9999 -9999 -9999 -9999 193 192 191 190 190 191 191 192 193 194 196 197 -9999 -9999 -9999 -9999 -9999 -9999 -9999 -9999 -9999 -9999 -9999 -9999 -9999 -9999 -9999 -9999 -9999 -9999 -9999 -9999 -9999 -9999 -9999 -9999 -9999 -9999 -9999 -9999 201 201 201 200 199 199 197 197 196 197 197 195
185 185 184 184 184 184 183 183 182 182 181 181 180 180 180 180 180 180 181 181 182 -9999 -9999 -9999 -9999 185 186 186 187 -9999 -9999 -9999 -9999 -9999 -9999 190 191 192 192 192 192 191 190 191 191 191 191 192 193 195 198 200 -9999 -9999 -9999 -9999 -9999 -9999 -9999 -9999 -9999 -9999 -9999 -9999 -9999 -9999 -9999 -9999 -9999 -9999 -9999 -9999 -9999 -9999 -9999 -9999 -9999 -9999 -9999 -9999 203 203 203 202 201 200 200 199 199 198 197
185 185 184 184 184 183 183 183 183 182 181 181 181 181 181 180 181 181 -9999 -9999 -9999 -9999 -9999 -9999 -9999 -9999 -9999 -9999 -9999 -9999 -9999 -9999 -9999 -9999 -9999 191 191 192 192 191 191 191 192 192 192 193 192 192 193 194 195 198 199 200 201 201 202 202 202 -9999 -9999 -9999 -9999 -9999 -9999 -9999 -9999 -9999 -9999 -9999 -9999 -9999 -9999 -9999 -9999 -9999 -9999 -9999 -9999 -9999 204 204 204 203 202 202 202 202 202 201 200
186 185 185 184 183 182 182 182 182 182 182 182 182 182 181 181 181 182 183 -9999 -9999 -9999 -9999 -9999 -9999 -9999 -9999 -9999 -9999 -9999 -9999 -9999 -9999 -9999 -9999 -9999 193 193 192 190 190 190 192 192 193 193 193 192 193 194 196 197 198 200 202 202 202 202 203 203 204 204 204 -9999 -9999 -9999 -9999 -9999 -9999 -9999 -9999 -9999 -9999 -9999 -9999 -9999 -9999 205 206 205 205 205 206 205 204 203 203 204 204 203 202
186 185 184 184 183 182 182 182 182 183 183 183 183 183 183 183 183 183 183 -9999 -9999 -9999 -9999 -9999 187 187 -9999 -9999 -9999 -9999 -9999 -9999 -9999 -9999 -9999 -9999 193 193 193 192 191 191 192 192 193 194 193 194 194 195 196 199 201 202 203 203 202 203 203 204 203 203 203 204 204 204 206 206 -9999 -9999 -9999 -9999 -9999 -9999 -9999 206 205 205 206 206 206 206 206 206 206 206 206 206 205 204 203
186 185 184 184 184 183 183 183 183 183 183 183 183 183 184 184 184 184 184 -9999 -9999 -9999 -9999 -9999 -9999 189 189 -9999 -9999 -9999 -9999 -9999 -9999 -9999 -9999 -9999 -9999 -9999 -9999 195 194 191 191 192 193 194 195 195 195 196 199 201 203 203 204 204 204 204 203 202 202 202 202 203 203 203 204 205 206 206 207 207 -9999 -9999 -9999 206 206 207 207 207 207 207 207 207 207 208 207 207 206 206 206
186 185 185 183 183 184 183 183 183 183 183 183 184 184 185 184 184 185 -9999 -9999 -9999 -9999 -9999 -9999 -9999 -9999 -9999 -9999 -9999 -9999 -9999 -9999 -9999 -9999 -9999 -9999 -9999 -9999 -9999 -9999 196 196 194 193 194 196 196 197 197 199 202 203 204 204 205 205 204 203 201 202 202 203 203 204 203 202 202 204 205 206 206 207 207 207 208 207 207 208 208 208 208 208 208 209 209 208 208 208 207 206 207
186 186 185 185 183 184 184 183 183 184 184 185 185 185 185 186 186 186 186 -9999 -9999 -9999 -9999 -9999 -9999 -9999 -9999 -9999 -9999 -9999 -9999 -9999 -9999 -9999 -9999 -9999 -9999 -9999 -9999 -9999 -9999 198 197 198 198 197 197 198 201 202 203 204 204 205 205 205 204 201 200 200 201 203 203 203 203 203 203 204 205 205 205 206 207 208 208 208 209 208 208 208 208 208 209 209 209 209 209 209 208 208 207
187 187 186 185 185 184 185 184 184 184 184 185 185 185 185 185 186 187 187 188 189 189 190 190 190 190 192 192 193 192 -9999 -9999 -9999 -9999 -9999 197 -9999 -9999 -9999 -9999 -9999 -9999 -9999 200 200 200 201 202 204 205 -9999 206 206 206 206 205 203 202 202 202 203 203 203 202 202 203 204 203 204 205 205 205 207 207 208 208 209 208 208 209 209 209 208 208 208 209 209 209 209 209 209
188 188 187 187 186 186 186 186 186 186 187 186 186 185 185 186 186 187 187 188 189 189 190 191 191 191 191 192 193 194 -9999 -9999 -9999 -9999 197 198 -9999 -9999 -9999 -9999 -9999 -9999 -9999 -9999 -9999 -9999 -9999 -9999 -9999 -9999 -9999 -9999 -9999 207 208 205 203 203 203 203 204 204 204 203 204 205 205 204 203 204 205 206 207 207 207 208 208 208 208 209 209 208 208 208 208 208 209 209 210 210 209
188 188 188 188 188 187 187 187 187 188 188 187 187 186 186 187 186 187 188 188 188 189 190 190 190 191 191 193 194 195 195 196 -9999 -9999 -9999 -9999 199 199 201 -9999 -9999 -9999 -9999 -9999 -9999 -9999 -9999 -9999 -9999 -9999 -9999 -9999 208 208 207 204 204 203 204 203 203 204 204 204 204 204 203 203 203 203 204 205 206 207 207 207 208 209 209 209 209 208 207 207 207 208 208 209 209 209 209
188 188 188 188 188 188 188 188 188 189 188 186 185 184 184 184 184 186 187 188 189 190 190 191 191 192 193 194 195 195 196 197 198 199 -9999 -9999 -9999 -9999 200 -9999 -9999 -9999 -9999 -9999 -9999 -9999 -9999 -9999 -9999 -9999 -9999 -9999 -9999 209 209 206 205 205 205 205 205 205 204 204 203 203 203 203 204 204 203 203 205 207 208 209 208 208 208 209 209 208 207 206 207 208 208 209 209 209 210
189 188 188 188 188 188 188 189 189 189 188 187 187 185 185 185 185 186 187 189 189 190 190 191 192 193 194 194 195 196 196 197 198 199 -9999 -9999 -9999 -9999 -9999 201 -9999 -9999 -9999 -9999 -9999 -9999 -9999 -9999 -9999 -9999 -9999 -9999 211 -9999 211 209 207 207 206 206 205 205 205 205 204 204 204 204 204 204 204 204 205 207 207 209 208 208 208 209 209 209 209 208 208 208 209 209 210 209 210
191 190 190 190 189 189 189 189 190 190 190 189 188 188 186 185 186 188 189 190 190 189 190 191 192 193 193 194 196 196 197 198 198 200 201 201 201 202 -9999 -9999 -9999 -9999 -9999 -9999 -9999 -9999 -9999 -9999 -9999 -9999 -9999 -9999 -9999 212 212 211 209 209 209 208 207 208 206 206 205 205 206 206 206 207 207 208 208 209 209 210 210 210 211 210 211 211 211 211 210 209 210 210 211 210 210
191 190 190 190 190 190 190 191 190 190 190 190 190 189 187 186 186 186 187 188 190 190 190 191 192 192 193 194 196 197 198 198 199 200 200 200 201 202 203 204 205 205 205 206 207 -9999 -9999 -9999 -9999 210 210 211 211 211 212 212 212 212 211 211 212 211 209 208 206 207 208 209 210 211 211 211 211 211 211 211 211 211 211 211 212 211 212 212 212 211 210 211 211 212 211
191 191 190 189 190 191 190 190 190 191 191 191 191 191 190 189 188 187 187 189 190 191 191 192 192 192 192 193 195 196 198 198 198 199 199 199 199 201 202 203 204 205 205 206 207 208 209 209 210 210 210 210 210 211 212 212 212 212 212 213 214 213 212 212 211 211 212 212 213 213 212 212 212 213 213 212 212 212 212 212 212 212 213 212 212 212 212 212 212 212 212
191 191 191 190 190 191 191 191 191 191 191 191 191 191 191 191 190 189 189 189 191 191 191 192 192 192 192 193 195 197 196 196 196 198 199 199 200 200 201 203 205 206 205 205 206 207 207 208 208 209 210 210 211 211 211 211 211 212 213 213 213 214 213 213 213 214 214 215 214 214 214 213 214 214 213 213 212 212 212 212 212 213 213 213 213 213 213 213 214 213 213
191 191 191 191 191 191 191 192 192 192 192 192 193 193 193 193 193 192 192 191 191 192 192 191 192 192 193 193 194 196 198 198 197 196 194 196 199 200 202 202 203 204 204 206 206 206 207 207 208 209 209 210 211 211 211 211 212 213 214 214 214 214 214 214 214 215 215 215 215 215 214 214 214 212 212 212 211 211 211 212 212 212 213 213 213 213 213 213 214 214 213
191 191 191 191 191 191 192 192 191 191 192 192 193 193 193 193 193 193 193 194 194 194 194 193 193 193 193 193 193 195 197 197 197 197 195 195 195 196 197 198 201 203 204 205 206 207 207 208 208 209 209 210 210 211 211 213 213 214 214 214 215 215 215 215 215 216 215 214 214 214 213 213 212 210 210 210 211 212 212 212 212 212 213 213 213 213 213 213 214 214 214
193 192 192 192 192 191 191 192 191 191 191 192 193 194 194 194 194 194 195 196 196 196 196 196 195 194 194 194 195 195 195 195 196 197 197 198 198 198 198 196 197 199 200 201 202 204 206 207 208 209 209 210 210 211 212 212 213 214 214 215 215 216 216 216 216 215 216 215 215 214 213 212 211 210 210 211 211 211 212 212 212 212 213 213 213 214 214 214 214 215 214
195 194 193 193 193 192 192 192 192 192 192 192 193 194 194 195 194 195 195 196 196 196 196 197 197 197 196 196 196 196 196 196 196 197 198 198 198 200 200 199 199 198 197 198 198 201 201 202 204 205 206 207 209 210 211 212 213 213 213 213 215 215 216 216 216 216 216 216 216 215 213 211 211 211 211 211 211 211 211 211 211 211 212 213 213 214 214 215 215 215 215
195 195 195 195 194 193 192 192 193 192 192 193 194 194 194 195 196 196 196 196 195 196 197 195 196 197 198 198 197 197 196 198 198 198 198 199 200 200 201 201 201 201 201 201 201 202 202 203 204 205 205 206 207 208 209 212 213 213 213 212 212 214 215 216 217 217 217 217 216 215 214 211 211 211 211 212 212 212 211 211 211 211 212 212 213 214 214 214 215 215 215
195 195 195 195 195 194 194 194 193 193 193 193 193 194 195 195 196 197 196 195 194 195 196 198 197 196 196 197 198 199 198 198 198 198 199 199 200 201 201 201 202 202 202 203 203 204 204 204 205 206 207 207 208 209 211 211 210 210 211 211 212 213 215 216 216 217 218 218 217 216 215 213 212 212 211 212 212 212 213 212 212 212 212 213 213 214 214 215 215 215 215
194 194 195 194 193 193 194 193 193 192 192 193 193 193 194 196 197 198 198 196 196 196 196 197 199 199 199 198 198 198 199 199 200 200 200 200 200 201 202 203 203 203 204 205 205 205 205 205 206 207 208 210 210 211 212 212 210 210 210 210 211 211 211 213 215 216 217 218 218 217 216 215 214 212 212 212 213 213 213 214 214 214 214 214 214 214 215 215 215 215 216
193 193 193 194 194 194 194 194 193 193 193 194 194 195 196 196 197 198 197 197 196 196 196 197 199 200 200 200 199 199 200 201 201 201 201 201 203 204 204 205 206 205 205 206 206 206 205 206 206 207 208 210 211 211 209 211 212 210 210 210 211 211 210 211 212 213 216 217 218 218 217 216 215 214 213 214 214 215 215 215 215 215 215 215 215 215 215 216 216 216 216
194 195 194 194 194 194 194 195 196 196 196 197 196 196 197 197 198 198 198 197 197 196 196 198 199 201 202 202 202 203 202 203 203 202 202 203 204 203 204 205 206 207 206 206 206 206 206 207 208 208 208 209 210 211 211 211 212 211 210 210 211 211 211 210 211 212 213 214 215 217 218 217 217 216 216 216 216 216 216 216 216 216 215 215 215 215 216 216 216 216 216
195 195 195 195 195 195 195 196 197 197 197 201 202 201 202 201 200 200 199 197 198 199 199 200 200 200 201 201 201 202 203 203 203 204 204 204 204 204 205 206 206 206 207 207 207 207 208 208 208 209 209 210 211 211 211 211 212 212 211 211 211 212 212 211 211 211 212 213 213 214 216 216 216 217 217 217 217 217 217 216 216 216 215 215 215 215 215 215 216 216 217
196 196 196 195 196 196 197 197 198 198 197 199 201 202 202 203 203 203 203 201 200 201 201 201 201 203 203 203 201 201 203 204 205 205 205 205 206 206 206 207 207 207 207 208 208 208 208 208 208 209 209 209 211 212 211 212 212 212 212 213 212 213 213 213 212 213 213 214 214 214 215 216 217 217 217 218 218 217 217 216 216 215 215 215 215 215 215 215 215 215 215
197 197 197 197 198 199 200 200 200 200 201 202 202 203 204 204 204 204 205 205 205 205 205 204 203 204 204 204 203 202 202 204 204 205 206 206 207 207 207 208 208 209 208 208 208 208 209 209 210 210 210 212 212 213 213 213 213 213 213 214 215 215 214 214 214 214 215 216 216 216 216 216 216 217 217 217 218 217 217 216 215 215 215 215 215 215 214 213 214 215 215
198 198 200 202 201 201 202 202 201 200 202 203 203 202 203 204 205 205 206 206 207 207 207 207 208 208 207 206 205 204 204 204 205 205 206 206 207 207 207 208 208 209 209 209 210 210 210 211 212 212 212 213 213 214 214 214 213 213 214 214 215 215 215 216 215 215 216 216 216 217 217 218 219 218 218 218 218 218 217 216 216 215 214 214 214 214 213 213 214 214 214
200 199 201 202 201 202 202 202 202 202 202 203 204 204 204 204 205 205 206 206 207 207 207 208 209 209 209 209 209 207 206 207 208 207 207 207 208 208 208 209 209 211 210 210 211 211 211 212 213 213 213 213 213 213 214 215 215 214 213 213 214 215 216 216 216 216 217 217 217 217 218 218 219 219 219 219 219 219 217 216 216 215 214 214 214 214 213 213 213 214 214
201 201 202 202 201 202 202 202 201 202 204 203 204 205 204 203 205 206 204 206 207 207 208 209 209 210 211 211 211 210 210 210 210 209 208 208 209 209 210 210 212 212 211 211 211 211 212 213 213 214 215 215 215 215 215 217 217 216 214 215 216 216 215 215 215 215 216 216 215 216 217 219 219 219 219 220 219 219 219 218 217 215 214 214 214 214 215 214 214 214 215
200 201 203 203 202 202 202 203 200 197 200 203 205 206 206 205 204 206 206 204 207 207 207 208 210 211 211 212 211 211 209 209 210 211 210 209 209 210 210 212 212 213 212 212 212 213 214 214 215 215 215 216 216 216 217 217 218 218 217 217 215 215 215 215 214 214 215 216 217 217 217 218 219 219 220 220 220 219 220 220 219 218 217 215 215 215 215 215 215 214 212
199 201 204 202 202 203 204 203 204 203 201 202 204 207 206 207 206 206 208 208 208 208 208 208 210 212 212 213 211 210 210 210 210 211 210 210 210 211 212 213 214 214 212 212 214 213 214 216 216 216 216 217 217 217 217 217 217 218 218 216 215 214 215 216 216 215 215 216 216 217 217 219 219 219 220 220 220 220 220 220 220 219 219 218 217 216 217 217 216 215 214
199 200 202 202 201 204 205 204 204 204 203 204 206 207 207 208 208 208 209 209 209 209 209 209 211 212 212 212 210 211 211 211 211 211 211 211 210 211 213 213 213 213 213 213 214 214 215 217 217 217 217 217 217 216 216 217 218 216 216 216 216 215 215 216 216 217 218 217 217 218 219 219 219 219 220 221 221 221 220 220 220 220 220 220 219 218 217 217 216 215 214
200 200 200 202 202 204 205 205 205 206 206 205 204 206 208 208 209 209 207 208 210 211 212 212 212 213 213 212 210 211 212 213 213 212 213 213 213 212 212 211 211 211 213 214 214 214 216 217 217 217 217 218 217 216 216 218 219 217 217 217 217 217 218 218 218 219 219 219 219 220 219 218 219 219 220 220 220 220 220 220 220 220 220 220 220 219 219 218 218 216 215
202 201 201 203 204 205 205 206 206 206 206 207 208 207 208 209 210 210 210 210 212 211 212 212 214 214 213 213 214 214 214 214 214 213 214 215 214 213 212 211 212 212 213 213 215 216 216 217 217 217 218 218 217 216 218 218 220 218 217 217 217 217 218 219 219 220 220 219 218 218 219 219 218 219 219 219 218 218 217 216 217 219 220 220 220 220 220 220 219 218 217
202 202 201 203 205 204 206 208 207 206 204 203 205 209 210 210 210 210 212 211 211 212 213 214 214 214 215 216 215 214 215 216 216 215 216 217 216 216 214 214 214 216 216 217 217 216 217 217 217 217 217 217 217 216 216 216 218 216 216 216 217 217 218 219 220 220 220 220 219 218 218 218 218 218 218 218 217 217 217 216 216 217 218 219 220 220 220 220 219 218 218
203 203 203 203 204 205 207 207 208 208 207 207 208 210 210 210 211 212 212 212 212 213 214 214 215 216 216 216 216 216 217 218 218 219 219 218 216 215 216 217 218 220 221 220 220 219 219 218 217 215 216 216 216 214 216 217 216 217 217 217 217 217 219 219 220 220 220 220 220 219 218 218 219 218 218 218 217 217 216 216 215 215 216 217 219 220 221 222 221 220 219
205 205 205 205 203 203 205 205 204 206 208 210 210 210 211 212 212 212 212 214 214 214 214 215 216 216 217 217 218 218 218 218 218 219 219 219 220 220 220 220 219 220 219 220 220 219 218 218 218 219 219 218 216 216 217 217 216 217 217 217 217 218 219 219 219 219 220 220 220 220 219 219 219 219 219 218 218 217 216 215 214 214 216 217 218 220 221 221 222 221 220
