taller1/intro_R/datos/mapas/bio5.asc
ncols 660
nrows 456
xllcorner -12.000000
yllcorner 34.000000
cellsize 0.083333
NODATA_value -9999
[rows 328 to 368 of 456, columns 364 to 454 of 660]
273 268 267 261 258 260 266 268 266 273 280 280 273 264 269 274 275 274 273 276 276 277 276 274 272 269 271 274 274 275 275 277 279 280 279 279 274 277 278 274 261 264 266 266 256 237 249 262 256 258 276 280 281 269 267 268 271 274 275 275 276 281 279 275 277 274 275 279 274 275 277 282 276 273 273 274 274 274 274 274 274 276 276 277 278 279 279 280 281 282 283
272 276 276 272 268 263 250 259 262 274 278 277 275 270 267 271 270 270 270 272 274 275 277 275 275 271 268 273 271 271 273 275 278 279 276 278 276 273 274 268 258 257 251 248 268 250 265 254 260 270 280 282 282 276 268 268 268 270 272 274 277 281 282 277 280 277 278 278 280 278 280 284 279 277 277 276 278 277 277 277 277 277 278 279 279 280 281 281 282 283 284
267 269 274 277 276 273 266 263 272 276 263 262 265 271 267 267 265 268 268 272 274 273 276 277 275 271 267 271 270 270 271 271 275 278 275 275 273 270 265 264 270 261 253 244 253 269 263 258 265 280 281 280 280 280 276 270 272 268 270 273 276 279 282 285 283 282 280 282 282 282 282 286 281 280 279 279 280 280 279 279 279 280 280 280 281 281 282 282 283 284 284
264 257 260 256 265 256 261 265 266 270 258 246 258 265 267 264 259 259 263 266 267 273 274 270 270 269 269 272 274 273 273 272 273 277 275 272 274 273 259 246 249 247 252 251 254 259 260 259 272 275 283 282 282 282 279 275 273 271 272 273 276 279 282 284 288 286 283 283 284 285 284 286 285 282 281 281 281 282 281 281 281 281 282 282 282 283 283 284 284 285 285
245 248 231 236 255 244 254 253 260 266 263 258 250 245 254 253 257 261 264 268 270 269 271 271 264 262 258 266 270 271 271 269 271 276 275 270 270 273 256 251 250 241 238 246 249 265 252 262 269 272 282 284 282 280 280 280 277 273 274 275 277 279 281 283 285 289 286 285 285 285 287 287 288 284 283 283 283 284 283 283 283 283 284 283 283 284 284 284 285 285 286
235 243 237 235 239 239 250 256 265 265 260 264 271 254 236 229 242 248 252 257 260 260 265 267 263 257 256 262 267 268 267 269 272 276 274 273 267 254 255 254 254 255 237 235 243 246 240 256 268 272 283 285 284 283 283 282 280 279 278 278 279 281 283 284 285 289 290 286 285 286 286 287 289 288 285 284 284 284 285 284 285 284 285 285 284 284 285 285 285 286 286
225 225 247 250 233 222 216 225 241 258 248 256 255 265 246 222 219 224 237 232 232 242 240 249 259 253 234 248 255 263 266 270 272 274 271 270 272 262 257 236 213 219 224 234 248 249 255 259 267 274 276 282 281 280 283 285 283 283 283 282 282 284 285 287 286 286 291 289 287 286 287 287 288 289 289 286 285 285 285 286 286 286 286 286 286 285 285 286 286 286 286
225 233 232 244 242 224 219 218 218 213 234 234 234 239 255 257 242 238 248 244 239 243 250 248 256 258 249 255 260 261 269 271 261 262 272 275 270 265 252 237 226 216 222 247 257 262 265 268 271 271 273 274 279 282 284 285 285 284 284 285 286 287 288 289 289 288 291 291 288 288 287 287 288 289 290 290 286 286 286 286 286 287 287 287 287 286 286 285 285 285 285
245 219 214 225 226 236 229 217 215 231 234 226 242 245 261 253 248 232 245 249 248 241 254 262 264 257 246 259 266 265 264 260 256 264 273 275 276 269 252 239 223 223 232 254 269 270 266 276 270 267 270 272 277 284 286 285 285 285 285 286 287 288 289 290 290 290 292 291 289 289 289 289 289 290 290 291 288 287 287 287 287 287 287 288 288 287 286 286 285 285 286
262 237 228 218 214 237 234 241 232 222 246 231 221 205 222 234 233 240 250 258 256 257 253 259 269 271 269 264 260 266 247 248 258 269 268 264 278 273 266 252 233 239 256 268 264 264 272 277 264 268 271 272 275 279 286 286 286 285 286 286 287 289 290 291 292 291 293 291 290 289 289 290 291 291 291 291 290 287 287 287 288 289 287 287 288 288 286 286 287 288 289
260 225 221 226 240 240 240 250 247 217 222 261 243 235 227 226 237 239 241 253 257 261 259 255 248 267 274 273 259 269 256 242 256 267 260 267 279 273 269 255 246 253 243 254 256 262 266 272 259 265 269 271 275 274 279 284 285 283 283 279 281 287 286 289 291 293 294 293 293 293 292 292 293 293 292 292 292 292 289 288 288 289 288 287 287 289 288 288 289 290 288
244 225 201 210 223 235 234 248 256 248 253 246 238 243 234 222 218 225 234 239 246 258 250 252 248 255 268 274 275 275 270 250 262 268 269 275 280 275 270 257 249 260 247 245 239 243 251 273 246 247 262 269 271 272 275 278 281 281 279 280 282 285 283 284 287 291 289 286 292 293 293 292 292 293 294 294 293 291 290 290 292 292 292 291 290 290 290 290 290 287 282
194 225 221 221 232 247 256 260 249 229 240 245 253 251 238 221 219 210 226 225 228 248 246 239 220 226 254 238 255 257 272 272 275 278 275 276 275 272 276 276 266 258 246 241 245 254 266 271 251 238 246 258 257 271 274 275 278 277 279 281 282 283 284 286 289 290 289 285 286 286 287 288 291 286 287 292 291 286 287 281 289 291 292 289 289 289 291 286 281 280 279
198 211 226 251 255 261 242 230 227 214 230 225 241 241 247 236 229 220 214 210 216 230 239 227 216 218 226 245 228 217 233 248 263 275 278 278 278 275 276 281 279 268 248 239 239 251 266 267 248 229 235 245 260 263 263 269 274 277 279 280 283 285 287 286 286 288 288 286 286 288 290 290 286 287 289 289 285 285 287 289 285 285 288 282 284 288 286 288 283 276 275
222 200 206 223 241 244 235 242 239 231 222 230 227 223 219 247 226 214 217 213 206 225 228 208 222 209 239 255 238 207 221 246 261 273 275 271 256 253 270 275 281 282 270 258 259 261 250 252 255 244 216 208 231 233 245 257 265 272 279 280 281 281 283 283 283 284 286 287 286 287 292 288 286 289 291 285 281 283 286 291 290 287 287 287 286 287 287 285 287 278 278
224 182 182 207 238 238 232 228 212 226 239 236 221 209 223 251 238 205 208 215 211 213 209 198 212 211 241 257 236 215 207 239 256 268 262 252 238 226 247 253 268 285 274 263 261 250 249 245 248 251 234 199 195 199 241 254 266 275 279 278 278 284 280 280 281 281 284 284 286 291 290 285 288 290 285 282 278 280 285 287 289 291 287 285 287 285 285 287 281 275 275
213 214 210 215 191 196 218 219 185 188 206 231 233 219 209 233 237 199 205 216 221 211 208 201 191 221 245 260 234 185 206 229 244 243 258 269 270 269 269 272 279 286 285 279 270 263 263 242 245 250 246 236 203 187 221 253 256 267 272 276 277 277 279 273 279 279 275 279 286 287 283 282 286 281 278 277 274 280 284 288 289 287 287 286 284 284 282 287 281 274 277
212 225 220 207 180 188 208 198 199 210 207 212 219 227 211 221 242 227 203 204 213 217 212 226 229 244 253 248 255 233 220 228 238 245 260 267 273 273 265 273 283 286 279 265 271 244 242 262 259 258 262 242 231 223 206 200 201 244 261 266 261 243 262 268 270 266 271 278 283 282 285 282 282 278 275 273 282 286 279 272 270 273 281 286 286 286 289 289 288 284 281
208 219 237 217 197 217 226 177 161 195 201 213 217 204 208 227 227 243 213 205 209 213 216 223 233 250 252 230 241 254 228 203 219 229 253 268 261 260 247 258 279 285 286 280 253 261 227 220 246 253 264 268 239 232 230 219 198 201 199 218 235 232 233 265 276 278 280 280 275 280 279 282 277 273 273 270 279 274 269 267 269 275 276 273 277 280 281 280 283 287 285
238 238 225 226 218 197 226 200 196 193 187 181 201 199 200 237 242 252 232 214 205 210 212 216 228 235 232 218 230 254 241 218 210 239 249 261 250 238 253 275 283 284 282 288 280 262 262 255 255 251 234 254 259 251 247 242 227 218 215 213 243 237 238 252 260 269 272 259 260 269 272 273 272 272 263 262 272 262 264 266 278 276 269 268 272 274 278 282 278 284 285
259 245 220 213 225 207 210 215 216 211 201 179 178 197 228 222 221 240 244 220 202 196 216 229 227 228 233 238 237 254 244 224 214 247 256 257 254 234 247 271 281 285 287 287 286 277 259 258 246 237 234 242 242 252 248 244 242 238 238 238 243 224 210 246 273 272 266 263 272 256 256 244 252 255 258 264 269 265 268 273 279 280 271 265 266 271 268 275 271 269 269
261 255 227 228 220 221 238 242 209 198 176 210 192 200 220 186 180 214 244 234 210 212 214 215 202 197 193 221 242 256 263 254 246 253 262 248 244 248 267 271 269 280 283 272 272 265 229 220 227 227 218 232 237 244 251 250 252 253 246 239 247 238 235 229 245 261 244 253 257 244 247 241 240 220 234 251 260 258 258 253 258 264 262 267 261 259 260 265 257 259 261
258 266 242 244 241 236 256 259 236 202 180 200 255 224 221 196 192 216 236 212 187 192 185 193 214 235 252 258 250 254 257 265 264 261 260 252 249 255 263 260 256 267 244 230 252 263 228 210 206 235 243 244 234 236 239 242 250 256 261 262 262 253 241 227 223 236 218 228 226 210 210 197 206 212 216 216 222 229 232 238 230 229 231 243 245 239 246 250 251 242 241
266 260 255 238 236 234 239 264 242 227 199 200 268 239 210 189 207 226 213 192 192 197 189 236 268 273 271 266 261 259 257 254 268 266 252 244 241 250 246 250 244 249 260 247 273 272 242 213 215 209 226 226 231 241 250 246 243 247 256 261 263 264 262 258 255 250 240 235 227 245 241 231 210 223 252 250 215 191 174 187 197 208 238 249 241 223 231 246 255 248 258
258 233 211 231 248 235 234 248 290 252 221 214 256 228 196 192 190 196 200 220 176 171 187 253 270 273 276 271 266 258 264 261 269 269 258 250 244 252 261 260 252 236 239 257 277 250 223 202 211 205 230 237 241 245 242 253 249 242 223 223 254 257 259 260 258 251 243 253 257 238 222 211 218 213 231 264 274 269 253 253 259 268 271 272 275 269 256 265 271 280 280
271 245 211 233 254 249 248 239 267 314 293 272 283 219 183 204 197 208 206 199 172 164 207 258 269 274 277 269 269 263 256 259 270 271 265 250 252 256 264 277 269 255 271 278 261 236 207 208 217 223 236 241 248 248 253 254 241 241 210 174 226 233 236 240 244 237 234 256 255 241 251 245 246 238 246 255 266 277 279 264 249 251 258 266 267 275 276 274 268 267 275
279 284 273 274 283 249 239 243 265 298 318 316 270 242 240 228 186 176 186 206 203 194 221 269 274 277 279 261 265 267 252 253 268 273 269 254 262 274 272 270 278 283 281 265 237 228 219 212 216 240 245 241 242 251 259 261 259 250 231 226 224 221 240 240 248 256 248 261 260 259 267 266 269 275 279 280 281 282 278 265 262 259 258 259 265 268 269 276 284 288 291
-9999 -9999 291 286 292 252 229 264 290 302 317 321 295 273 219 211 197 216 193 190 240 274 256 268 279 282 284 282 274 278 271 239 253 271 273 274 276 276 262 265 281 267 272 264 253 239 225 206 218 231 243 259 264 241 237 251 255 255 239 231 237 235 240 236 246 255 253 253 275 272 266 277 277 279 284 285 287 288 288 286 284 280 281 277 278 281 284 291 292 293 294
-9999 -9999 -9999 -9999 287 288 266 258 290 311 315 317 315 298 254 213 226 248 226 256 274 263 255 260 264 258 279 283 288 281 253 220 228 255 274 270 268 254 254 263 283 274 276 252 236 236 225 234 234 243 239 254 274 275 267 265 269 268 257 234 210 215 224 220 240 254 266 255 272 284 286 287 286 288 289 289 290 291 291 291 290 290 288 281 280 287 290 292 293 294 295
-9999 -9999 -9999 -9999 -9999 -9999 293 273 278 284 306 311 311 305 285 243 262 255 263 248 242 262 277 278 274 241 238 279 281 249 209 219 211 202 253 261 235 227 253 273 288 282 288 271 258 265 257 256 242 225 200 208 246 266 270 263 273 250 182 148 169 171 166 154 161 180 227 262 275 289 290 291 291 291 291 292 292 293 293 294 294 293 293 292 290 292 293 293 293 294 296
-9999 -9999 -9999 -9999 -9999 -9999 -9999 302 284 270 263 301 307 307 301 286 249 252 278 241 239 237 269 277 265 257 240 235 235 211 201 173 208 265 271 274 262 251 244 286 291 293 293 285 276 275 245 229 209 195 205 218 237 255 255 262 282 261 218 192 179 145 144 155 173 175 195 220 234 252 277 287 287 291 292 293 293 293 294 294 293 294 295 296 295 294 294 296 295 295 298
-9999 -9999 -9999 -9999 -9999 -9999 -9999 -9999 -9999 285 262 277 295 300 302 296 283 267 258 255 255 242 241 241 277 243 230 232 192 174 201 239 280 279 265 286 297 295 284 290 294 288 286 277 277 267 252 244 227 244 253 257 254 252 243 263 286 272 243 202 166 163 190 213 225 210 218 234 254 242 227 265 275 275 268 265 265 280 290 292 291 292 292 294 293 295 297 297 298 297 299
-9999 -9999 -9999 -9999 -9999 -9999 -9999 -9999 -9999 287 285 295 299 300 300 299 289 276 246 238 255 232 236 225 257 203 206 203 181 159 215 282 276 269 271 278 278 296 303 302 297 283 288 287 277 282 286 270 268 271 271 269 260 266 246 267 278 277 256 229 182 228 244 234 210 205 220 227 223 225 228 214 222 246 211 211 219 240 255 275 285 286 280 283 288 292 293 294 295 296 299
-9999 -9999 -9999 -9999 -9999 -9999 -9999 -9999 -9999 -9999 295 296 297 293 290 298 282 279 277 275 266 236 226 247 251 214 184 186 169 193 256 282 239 238 262 250 270 272 280 298 292 282 288 298 296 286 294 298 295 288 283 272 241 260 254 251 264 289 257 204 226 252 254 247 217 204 207 194 180 191 193 187 229 243 200 219 240 240 233 244 255 265 267 276 286 290 293 295 294 293 296
-9999 -9999 -9999 -9999 -9999 -9999 -9999 -9999 -9999 -9999 -9999 -9999 -9999 -9999 288 296 275 281 289 278 259 220 211 238 265 218 166 195 185 210 267 254 217 247 261 211 209 230 253 281 296 296 297 302 299 299 300 289 256 234 226 242 254 252 250 215 235 267 270 209 160 196 225 244 234 204 201 204 194 198 200 209 223 235 194 212 223 220 230 227 241 257 265 273 281 283 289 292 293 295 296
-9999 -9999 -9999 -9999 -9999 -9999 -9999 -9999 -9999 -9999 -9999 -9999 -9999 -9999 296 297 290 282 283 289 267 219 204 253 273 230 195 222 214 223 244 252 222 251 263 243 174 216 245 282 296 302 297 300 301 301 292 275 265 258 248 243 246 256 253 227 225 283 291 238 181 151 172 238 256 228 215 206 213 211 207 220 233 228 216 201 210 199 202 222 248 256 272 271 277 283 285 286 289 288 288
-9999 -9999 -9999 -9999 -9999 -9999 -9999 -9999 -9999 -9999 -9999 -9999 -9999 -9999 294 296 290 261 265 284 284 254 224 234 258 258 202 221 199 194 231 249 238 236 273 258 211 257 257 286 299 288 303 306 300 294 291 290 286 293 290 263 260 246 243 238 250 282 305 278 235 188 196 229 271 267 237 238 230 227 222 218 220 201 191 200 212 228 227 239 250 259 266 278 288 286 284 286 294 289 285
-9999 -9999 -9999 -9999 -9999 -9999 -9999 -9999 -9999 -9999 -9999 -9999 -9999 288 289 293 291 262 235 249 278 264 207 230 252 276 244 233 222 197 229 267 258 228 267 252 254 261 278 287 293 273 294 309 308 307 293 278 289 279 291 299 285 253 233 245 252 266 299 307 288 269 251 213 244 278 276 263 255 230 215 208 213 207 204 221 236 243 250 253 262 254 263 278 287 275 284 286 283 276 273
-9999 -9999 -9999 -9999 -9999 -9999 -9999 -9999 -9999 -9999 -9999 -9999 -9999 290 291 288 294 284 266 249 241 259 232 209 242 258 264 208 199 241 247 263 259 253 240 270 278 277 264 260 266 286 298 305 303 307 306 282 281 281 284 303 307 304 278 262 263 281 310 314 307 300 270 232 254 266 270 262 272 254 244 219 238 254 238 227 230 243 246 247 257 266 264 281 286 275 282 290 284 281 287
-9999 -9999 -9999 -9999 -9999 -9999 -9999 -9999 -9999 -9999 -9999 -9999 -9999 289 290 288 291 292 273 256 218 218 226 216 235 231 228 238 212 242 240 239 246 237 243 268 281 280 270 259 261 278 269 295 285 284 300 295 300 303 288 290 284 281 276 281 287 292 283 299 310 286 259 214 259 263 272 253 269 279 272 261 263 277 258 242 221 222 250 253 267 274 278 282 287 278 279 281 283 273 276
-9999 -9999 -9999 -9999 -9999 -9999 -9999 -9999 -9999 -9999 -9999 -9999 -9999 289 288 286 287 289 287 267 255 235 248 262 230 214 207 257 243 256 253 228 244 263 268 265 282 281 274 251 261 267 278 285 270 278 272 264 290 314 311 305 292 289 291 291 276 269 273 301 301 290 266 242 248 273 259 252 234 227 263 271 262 287 282 259 240 247 260 275 276 283 272 271 274 268 271 274 271 273 259
