taller1/intro_R/datos/mapas/bio5.asc
ncols 660
nrows 456
xllcorner -12.000000
yllcorner 34.000000
cellsize 0.083333
NODATA_value -9999
[rows 369 to 409 of 456, columns 0 to 90 of 660]
-9999 -9999 -9999 -9999 -9999 -9999 -9999 -9999 -9999 -9999 -9999 -9999 -9999 -9999 -9999 -9999 -9999 -9999 -9999 -9999 -9999 -9999 -9999 -9999 -9999 -9999 -9999 -9999 -9999 -9999 -9999 -9999 -9999 -9999 -9999 -9999 -9999 -9999 -9999 241 245 250 254 257 263 267 276 265 262 264 291 290 288 297 295 290 278 280 301 297 291 293 287 288 287 289 285 285 288 289 290 288 287 286 287 289 289 288 290 292 292 293 294 294 294 294 292 291 289 289 288
-9999 -9999 -9999 -9999 -9999 -9999 -9999 -9999 -9999 -9999 -9999 -9999 -9999 -9999 -9999 -9999 -9999 -9999 -9999 -9999 -9999 -9999 -9999 -9999 -9999 -9999 -9999 -9999 -9999 -9999 -9999 -9999 -9999 -9999 -9999 -9999 -9999 -9999 -9999 242 245 251 255 259 262 269 271 273 278 276 289 288 288 291 290 293 295 296 304 293 290 294 294 290 285 285 286 286 286 287 290 291 291 291 292 292 291 290 290 291 292 293 293 293 293 293 290 290 287 288 287
-9999 -9999 -9999 -9999 -9999 -9999 -9999 -9999 -9999 -9999 -9999 -9999 -9999 -9999 -9999 -9999 -9999 -9999 -9999 -9999 -9999 -9999 -9999 -9999 -9999 -9999 -9999 -9999 -9999 -9999 -9999 -9999 -9999 -9999 -9999 -9999 -9999 -9999 -9999 -9999 244 248 255 260 264 264 254 261 246 254 274 269 276 273 272 277 287 289 302 300 300 299 299 290 286 286 286 287 286 287 289 290 292 293 294 294 293 291 289 289 291 292 292 291 292 291 289 289 286 285 284
-9999 -9999 -9999 -9999 -9999 -9999 -9999 -9999 -9999 -9999 -9999 -9999 -9999 -9999 -9999 -9999 -9999 -9999 -9999 -9999 -9999 -9999 -9999 -9999 -9999 -9999 -9999 -9999 -9999 -9999 -9999 -9999 -9999 -9999 -9999 -9999 -9999 -9999 -9999 -9999 242 246 251 255 260 264 262 249 243 250 253 254 267 279 270 265 277 292 298 291 292 296 289 287 287 288 288 286 287 289 288 289 292 294 294 295 295 293 292 290 290 290 290 289 289 288 288 288 285 283 281
-9999 -9999 -9999 -9999 -9999 -9999 -9999 -9999 -9999 -9999 -9999 -9999 -9999 -9999 -9999 -9999 -9999 -9999 -9999 -9999 -9999 -9999 -9999 -9999 -9999 -9999 -9999 -9999 -9999 -9999 -9999 -9999 -9999 -9999 -9999 -9999 -9999 -9999 -9999 235 239 245 250 252 244 248 255 268 270 269 262 261 262 270 267 265 277 291 294 287 283 288 291 286 285 286 288 289 291 291 291 291 293 292 293 293 292 291 292 291 290 289 287 287 287 288 288 287 285 281 278
-9999 -9999 -9999 -9999 -9999 -9999 -9999 -9999 -9999 -9999 -9999 -9999 -9999 -9999 -9999 -9999 -9999 -9999 -9999 -9999 -9999 -9999 -9999 -9999 -9999 -9999 -9999 -9999 -9999 -9999 -9999 -9999 -9999 -9999 -9999 -9999 -9999 -9999 -9999 231 238 245 251 248 257 256 262 276 277 273 271 271 272 271 272 267 279 288 287 290 285 283 287 288 286 285 287 290 291 291 292 291 291 290 289 287 288 293 292 291 290 288 285 283 283 286 283 285 282 278 275
-9999 -9999 -9999 -9999 -9999 -9999 -9999 -9999 -9999 -9999 -9999 -9999 -9999 -9999 -9999 -9999 -9999 -9999 -9999 -9999 -9999 -9999 -9999 -9999 -9999 -9999 -9999 -9999 -9999 -9999 -9999 -9999 -9999 -9999 -9999 -9999 -9999 -9999 -9999 226 236 246 254 260 259 266 266 275 274 275 280 282 282 279 279 282 285 284 280 282 284 280 284 286 289 285 287 290 290 290 290 291 288 286 285 290 294 293 291 289 288 284 278 278 275 274 274 278 275 273 265
-9999 -9999 -9999 -9999 -9999 -9999 -9999 -9999 -9999 -9999 -9999 -9999 -9999 -9999 -9999 -9999 -9999 -9999 -9999 -9999 -9999 -9999 -9999 -9999 -9999 -9999 -9999 -9999 -9999 -9999 -9999 -9999 -9999 -9999 -9999 -9999 -9999 -9999 225 227 237 248 257 263 264 257 256 276 281 284 285 283 281 285 290 287 284 267 272 277 278 280 282 288 292 293 291 288 287 286 285 283 287 290 291 292 292 291 288 284 279 276 269 269 270 274 278 278 274 269 265
-9999 -9999 -9999 -9999 -9999 -9999 -9999 -9999 -9999 -9999 -9999 -9999 -9999 -9999 -9999 -9999 -9999 -9999 -9999 -9999 -9999 -9999 -9999 -9999 -9999 -9999 -9999 -9999 -9999 -9999 -9999 -9999 -9999 -9999 -9999 -9999 -9999 -9999 230 233 242 253 262 269 265 255 280 284 288 287 289 290 291 285 260 254 263 265 270 274 279 276 282 289 291 293 293 283 278 270 281 285 293 295 291 290 293 289 284 283 281 272 262 272 276 275 270 269 272 280 276
-9999 -9999 -9999 -9999 -9999 -9999 -9999 -9999 -9999 -9999 -9999 -9999 -9999 -9999 -9999 -9999 -9999 -9999 -9999 -9999 -9999 -9999 -9999 -9999 -9999 -9999 -9999 -9999 -9999 -9999 -9999 -9999 -9999 -9999 -9999 -9999 -9999 -9999 235 240 249 258 268 272 273 280 285 290 291 292 290 288 263 233 245 259 272 265 272 278 278 276 285 288 285 287 289 286 285 287 290 306 306 299 298 289 288 291 290 284 270 258 256 260 257 264 278 285 292 292 297
-9999 -9999 -9999 -9999 -9999 -9999 -9999 -9999 -9999 -9999 -9999 -9999 -9999 -9999 -9999 -9999 -9999 -9999 -9999 -9999 -9999 -9999 -9999 -9999 -9999 -9999 -9999 -9999 -9999 -9999 -9999 -9999 -9999 -9999 -9999 -9999 -9999 239 240 247 256 265 274 276 282 290 292 293 292 289 287 261 214 233 272 288 290 277 273 276 273 275 278 281 284 285 277 286 290 306 313 311 303 299 287 264 270 288 284 266 261 260 260 270 272 279 284 280 276 283 304
-9999 -9999 -9999 -9999 -9999 -9999 -9999 -9999 -9999 -9999 -9999 -9999 -9999 -9999 -9999 -9999 -9999 -9999 -9999 -9999 -9999 -9999 -9999 -9999 -9999 -9999 -9999 -9999 -9999 -9999 -9999 -9999 -9999 -9999 -9999 -9999 -9999 241 245 252 261 271 281 282 287 294 294 294 293 286 280 267 233 240 290 297 292 289 280 271 269 265 274 280 278 289 295 305 309 314 319 313 309 302 267 252 273 279 269 259 248 255 264 283 277 279 300 313 308 304 305
-9999 -9999 -9999 -9999 -9999 -9999 -9999 -9999 -9999 -9999 -9999 -9999 -9999 -9999 -9999 -9999 -9999 -9999 -9999 -9999 -9999 -9999 -9999 -9999 -9999 -9999 -9999 -9999 -9999 -9999 -9999 -9999 -9999 -9999 -9999 -9999 -9999 242 249 258 267 277 286 289 292 293 294 290 277 262 257 280 289 294 297 296 299 297 292 288 298 302 283 299 307 312 315 312 319 322 324 324 306 279 295 279 253 256 261 292 279 287 308 319 313 325 321 317 312 309 318
-9999 -9999 -9999 -9999 -9999 -9999 -9999 -9999 -9999 -9999 -9999 -9999 -9999 -9999 -9999 -9999 -9999 -9999 -9999 -9999 -9999 -9999 -9999 -9999 -9999 -9999 -9999 -9999 -9999 -9999 -9999 -9999 -9999 -9999 -9999 -9999 -9999 248 253 261 270 280 286 291 295 283 276 272 273 267 275 291 289 288 292 299 307 306 304 307 312 311 309 315 321 321 319 318 323 325 325 320 305 306 292 307 311 313 321 331 331 331 329 326 325 323 314 309 322 326 328
-9999 -9999 -9999 -9999 -9999 -9999 -9999 -9999 -9999 -9999 -9999 -9999 -9999 -9999 -9999 -9999 -9999 -9999 -9999 -9999 -9999 -9999 -9999 -9999 -9999 -9999 -9999 -9999 -9999 -9999 -9999 -9999 -9999 -9999 -9999 -9999 -9999 248 255 263 272 276 281 287 270 261 272 282 283 289 295 282 293 287 304 310 310 311 308 306 308 317 320 325 325 324 325 327 330 331 328 324 322 320 321 330 333 336 336 336 336 334 333 332 330 326 328 331 331 330 329
-9999 -9999 -9999 -9999 -9999 -9999 -9999 -9999 -9999 -9999 -9999 -9999 -9999 -9999 -9999 -9999 -9999 -9999 -9999 -9999 -9999 -9999 -9999 -9999 -9999 -9999 -9999 -9999 -9999 -9999 -9999 -9999 -9999 -9999 -9999 -9999 245 249 256 264 272 272 280 283 275 281 289 288 282 283 284 293 309 309 310 314 315 316 315 315 318 321 319 325 326 328 329 332 332 329 327 329 333 336 337 338 338 338 338 338 337 336 336 334 332 334 334 334 333 331 328
-9999 -9999 -9999 -9999 -9999 -9999 -9999 -9999 -9999 -9999 -9999 -9999 -9999 -9999 -9999 -9999 -9999 -9999 -9999 -9999 -9999 -9999 -9999 -9999 -9999 -9999 -9999 -9999 -9999 -9999 -9999 -9999 -9999 -9999 -9999 -9999 245 251 256 263 271 274 281 282 286 291 289 283 280 274 294 307 313 314 314 317 323 323 322 319 321 323 325 325 328 328 329 330 327 325 329 333 337 339 339 339 339 337 339 339 337 335 337 336 337 335 331 332 334 335 334
-9999 -9999 -9999 -9999 -9999 -9999 -9999 -9999 -9999 -9999 -9999 -9999 -9999 -9999 -9999 -9999 -9999 -9999 -9999 -9999 -9999 -9999 -9999 -9999 -9999 -9999 -9999 -9999 -9999 -9999 -9999 -9999 -9999 -9999 -9999 240 244 252 258 263 267 274 282 283 289 293 295 294 288 288 304 311 313 314 319 324 324 324 321 323 324 325 327 329 330 329 329 328 331 334 335 337 336 337 337 340 337 336 339 338 337 337 339 336 336 335 331 331 332 331 332
-9999 -9999 -9999 -9999 -9999 -9999 -9999 -9999 -9999 -9999 -9999 -9999 -9999 -9999 -9999 -9999 -9999 -9999 -9999 -9999 -9999 -9999 -9999 -9999 -9999 -9999 -9999 -9999 -9999 -9999 -9999 -9999 -9999 -9999 -9999 239 243 251 258 262 268 277 284 287 287 294 294 297 297 304 311 312 317 320 321 321 322 324 323 324 328 328 326 326 329 332 336 335 334 333 334 336 335 334 331 330 331 333 332 330 332 335 334 333 327 329 328 328 326 328 328
-9999 -9999 -9999 -9999 -9999 -9999 -9999 -9999 -9999 -9999 -9999 -9999 -9999 -9999 -9999 -9999 -9999 -9999 -9999 -9999 -9999 -9999 -9999 -9999 -9999 -9999 -9999 -9999 -9999 -9999 -9999 -9999 -9999 -9999 -9999 239 246 251 255 256 268 276 284 290 291 295 296 296 299 307 313 316 319 319 320 322 324 322 325 327 326 327 326 326 327 331 334 336 336 336 337 338 337 337 335 334 331 328 327 321 327 326 331 333 321 322 320 321 320 322 322
-9999 -9999 -9999 -9999 -9999 -9999 -9999 -9999 -9999 -9999 -9999 -9999 -9999 -9999 -9999 -9999 -9999 -9999 -9999 -9999 -9999 -9999 -9999 -9999 -9999 -9999 -9999 -9999 -9999 -9999 -9999 -9999 -9999 -9999 235 239 246 246 250 257 265 280 286 291 293 296 299 302 306 308 313 313 316 316 320 320 321 319 320 326 330 329 329 330 331 331 333 337 337 339 340 339 338 337 336 333 333 332 320 319 317 327 327 332 331 324 323 322 313 324 315
-9999 -9999 -9999 -9999 -9999 -9999 -9999 -9999 -9999 -9999 -9999 -9999 -9999 -9999 -9999 -9999 -9999 -9999 -9999 -9999 -9999 -9999 -9999 -9999 -9999 -9999 -9999 -9999 -9999 -9999 -9999 -9999 -9999 228 234 240 244 248 256 267 275 282 288 292 297 301 304 307 307 309 310 312 313 314 312 316 318 319 318 322 328 330 332 334 334 335 335 334 336 337 340 340 339 336 335 326 330 331 322 316 330 335 337 336 339 338 337 334 330 331 328
-9999 -9999 -9999 -9999 -9999 -9999 -9999 -9999 -9999 -9999 -9999 -9999 -9999 -9999 -9999 -9999 -9999 -9999 -9999 -9999 -9999 -9999 -9999 -9999 -9999 -9999 -9999 -9999 -9999 -9999 -9999 214 220 228 235 242 248 257 264 270 278 285 288 290 294 298 302 303 305 308 311 312 313 312 306 302 308 313 318 321 324 326 331 330 333 336 337 337 337 337 339 339 338 338 337 331 328 331 334 336 338 343 341 344 344 344 341 339 336 330 328
-9999 -9999 -9999 -9999 -9999 -9999 -9999 -9999 -9999 -9999 -9999 -9999 -9999 -9999 -9999 -9999 -9999 -9999 -9999 -9999 -9999 -9999 -9999 -9999 -9999 -9999 -9999 -9999 -9999 -9999 -9999 217 222 230 238 245 253 261 267 274 281 286 288 291 294 297 301 305 308 310 313 314 316 316 312 300 303 317 325 326 328 332 334 333 335 335 335 339 338 337 338 339 338 341 345 343 345 345 345 341 342 347 347 347 340 343 342 339 340 338 337
-9999 -9999 -9999 -9999 -9999 -9999 -9999 -9999 -9999 -9999 -9999 -9999 -9999 -9999 -9999 -9999 -9999 -9999 -9999 -9999 -9999 -9999 -9999 -9999 -9999 -9999 -9999 -9999 -9999 -9999 -9999 224 227 234 242 245 257 264 271 278 283 286 289 293 296 299 302 307 308 310 314 315 314 316 318 317 317 322 328 331 330 335 336 336 336 336 336 337 338 338 334 339 346 346 348 348 349 349 350 349 347 347 348 348 344 339 341 342 343 340 335
-9999 -9999 -9999 -9999 -9999 -9999 -9999 -9999 -9999 -9999 -9999 -9999 -9999 -9999 -9999 -9999 -9999 -9999 -9999 -9999 -9999 -9999 -9999 -9999 -9999 -9999 -9999 -9999 -9999 -9999 -9999 228 233 239 245 253 262 268 275 281 284 288 291 294 297 300 304 306 308 312 314 316 317 317 319 322 326 328 332 335 335 337 337 337 338 338 341 341 340 342 344 348 349 350 351 351 352 352 352 352 350 350 347 346 346 343 339 343 344 339 336
-9999 -9999 -9999 -9999 -9999 -9999 -9999 -9999 -9999 -9999 -9999 -9999 -9999 -9999 -9999 -9999 -9999 -9999 -9999 -9999 -9999 -9999 -9999 -9999 -9999 -9999 -9999 -9999 -9999 -9999 -9999 232 238 243 249 258 268 274 279 283 286 290 292 296 299 302 305 307 309 311 314 316 318 320 322 323 327 331 334 336 339 339 340 340 341 342 343 345 344 344 346 350 351 352 353 353 353 350 350 353 352 350 351 349 347 345 343 342 344 345 345
-9999 -9999 -9999 -9999 -9999 -9999 -9999 -9999 -9999 -9999 -9999 -9999 -9999 -9999 -9999 -9999 -9999 -9999 -9999 -9999 -9999 -9999 -9999 -9999 -9999 -9999 -9999 -9999 -9999 -9999 -9999 235 240 247 252 263 274 279 282 286 289 293 296 299 301 303 306 308 310 310 312 313 316 318 321 322 323 327 335 338 340 340 340 341 342 343 345 346 346 347 350 351 352 352 353 353 353 353 353 352 351 353 350 344 347 345 346 346 347 343 346
-9999 -9999 -9999 -9999 -9999 -9999 -9999 -9999 -9999 -9999 -9999 -9999 -9999 -9999 -9999 -9999 -9999 -9999 -9999 -9999 -9999 -9999 -9999 -9999 -9999 -9999 -9999 -9999 -9999 -9999 236 238 243 253 265 272 279 282 286 288 291 294 296 298 302 303 305 307 309 310 312 313 312 314 318 322 321 326 335 339 340 339 339 341 342 344 345 346 347 349 350 350 351 350 351 351 351 354 353 353 352 353 354 350 352 350 348 346 343 343 346
-9999 -9999 -9999 -9999 -9999 -9999 -9999 -9999 -9999 -9999 -9999 -9999 -9999 -9999 -9999 -9999 -9999 -9999 -9999 -9999 -9999 -9999 -9999 -9999 -9999 -9999 -9999 -9999 -9999 -9999 236 241 248 261 274 276 284 286 288 290 293 295 297 299 301 302 302 304 306 307 310 311 314 313 314 322 327 332 336 337 337 337 338 339 341 342 343 344 347 346 347 347 348 349 346 351 351 354 352 351 350 350 351 356 352 351 351 352 347 347 344
-9999 -9999 -9999 -9999 -9999 -9999 -9999 -9999 -9999 -9999 -9999 -9999 -9999 -9999 -9999 -9999 -9999 -9999 -9999 -9999 -9999 -9999 -9999 -9999 -9999 -9999 -9999 -9999 -9999 -9999 244 249 257 269 278 284 286 289 290 292 294 296 298 300 300 300 300 301 303 305 308 312 311 314 319 322 330 332 333 335 335 336 337 338 340 342 342 342 345 348 347 345 345 348 349 349 351 350 350 347 349 350 354 356 355 356 355 353 351 350 346
-9999 -9999 -9999 -9999 -9999 -9999 -9999 -9999 -9999 -9999 -9999 -9999 -9999 -9999 -9999 -9999 -9999 -9999 -9999 -9999 -9999 -9999 -9999 -9999 -9999 -9999 -9999 -9999 -9999 -9999 -9999 -9999 267 272 279 284 287 289 292 294 296 298 299 299 299 300 300 300 302 307 310 314 316 318 322 326 329 331 331 331 331 332 335 336 338 340 340 341 343 346 345 345 344 345 349 347 348 346 348 352 354 355 355 355 351 355 353 349 350 348 347
-9999 -9999 -9999 -9999 -9999 -9999 -9999 -9999 -9999 -9999 -9999 -9999 -9999 -9999 -9999 -9999 -9999 -9999 -9999 -9999 -9999 -9999 -9999 -9999 -9999 -9999 -9999 -9999 -9999 -9999 -9999 -9999 -9999 274 278 282 285 290 293 296 297 299 301 300 301 302 301 303 306 308 312 315 317 319 321 325 329 330 330 329 328 328 326 330 330 337 338 338 340 343 346 342 343 345 348 344 343 347 349 353 353 353 352 354 354 354 355 354 350 343 340
-9999 -9999 -9999 -9999 -9999 -9999 -9999 -9999 -9999 -9999 -9999 -9999 -9999 -9999 -9999 -9999 -9999 -9999 -9999 -9999 -9999 -9999 -9999 -9999 -9999 -9999 -9999 -9999 -9999 -9999 -9999 -9999 -9999 272 275 278 281 291 294 296 298 300 302 304 305 306 308 309 310 311 314 317 318 320 323 326 329 329 329 329 328 326 322 323 325 331 336 335 337 340 345 345 345 344 345 345 346 349 349 349 351 351 351 353 352 351 351 352 352 351 347
-9999 -9999 -9999 -9999 -9999 -9999 -9999 -9999 -9999 -9999 -9999 -9999 -9999 -9999 -9999 -9999 -9999 -9999 -9999 -9999 -9999 -9999 -9999 -9999 -9999 -9999 -9999 -9999 -9999 -9999 -9999 -9999 -9999 -9999 -9999 -9999 -9999 -9999 294 296 298 301 303 305 307 307 309 311 312 311 315 317 320 322 324 327 327 328 328 327 327 325 324 332 332 333 332 334 335 337 341 343 342 345 345 346 347 348 348 349 349 348 349 350 350 349 349 350 348 348 350
-9999 -9999 -9999 -9999 -9999 -9999 -9999 -9999 -9999 -9999 -9999 -9999 -9999 -9999 -9999 -9999 -9999 -9999 -9999 -9999 -9999 -9999 -9999 -9999 -9999 -9999 -9999 -9999 -9999 -9999 -9999 -9999 -9999 -9999 -9999 -9999 -9999 -9999 294 295 297 300 303 306 309 310 312 312 314 316 316 315 319 322 324 326 327 327 327 328 327 327 330 332 333 334 334 334 334 335 336 339 341 343 345 345 348 347 347 351 351 351 348 345 349 351 348 349 348 348 346
-9999 -9999 -9999 -9999 -9999 -9999 -9999 -9999 -9999 -9999 -9999 -9999 -9999 -9999 -9999 -9999 -9999 -9999 -9999 -9999 -9999 -9999 -9999 -9999 -9999 -9999 -9999 -9999 -9999 -9999 -9999 -9999 -9999 -9999 -9999 -9999 -9999 -9999 292 293 295 300 303 306 309 312 314 316 318 318 319 319 321 322 324 325 325 325 326 327 328 327 326 322 325 330 333 333 333 338 338 337 338 341 345 348 352 351 347 346 346 350 351 351 348 351 353 351 348 350 349
-9999 -9999 -9999 -9999 -9999 -9999 -9999 -9999 -9999 -9999 -9999 -9999 -9999 -9999 -9999 -9999 -9999 -9999 -9999 -9999 -9999 -9999 -9999 -9999 -9999 -9999 -9999 -9999 -9999 -9999 -9999 -9999 -9999 -9999 -9999 -9999 -9999 -9999 292 291 291 298 303 307 309 312 315 317 319 322 323 324 324 323 323 323 324 325 325 324 325 325 323 322 324 322 325 329 328 332 340 344 342 339 342 345 350 353 354 352 351 348 346 349 354 353 354 356 353 354 359
-9999 -9999 -9999 -9999 -9999 -9999 -9999 -9999 -9999 -9999 -9999 -9999 -9999 -9999 -9999 -9999 -9999 -9999 -9999 -9999 -9999 -9999 -9999 -9999 -9999 -9999 -9999 -9999 -9999 -9999 -9999 -9999 -9999 -9999 -9999 -9999 -9999 288 290 290 291 296 302 306 309 312 314 316 319 322 323 323 323 322 321 319 321 321 319 318 317 320 324 321 319 321 323 320 324 331 336 344 348 346 343 340 344 350 355 358 355 355 349 348 351 352 353 359 359 359 360
-9999 -9999 -9999 -9999 -9999 -9999 -9999 -9999 -9999 -9999 -9999 -9999 -9999 -9999 -9999 -9999 -9999 -9999 -9999 -9999 -9999 -9999 -9999 -9999 -9999 -9999 -9999 -9999 -9999 -9999 -9999 -9999 -9999 -9999 -9999 -9999 -9999 286 288 288 293 297 301 305 308 311 313 316 319 321 321 322 321 320 319 318 318 319 318 319 318 315 317 319 320 327 332 330 331 337 337 336 348 344 342 346 341 343 349 352 357 358 353 355 356 355 355 360 362 361 360
-9999 -9999 -9999 -9999 -9999 -9999 -9999 -9999 -9999 -9999 -9999 -9999 -9999 -9999 -9999 -9999 -9999 -9999 -9999 -9999 -9999 -9999 -9999 -9999 -9999 -9999 -9999 -9999 -9999 -9999 -9999 -9999 -9999 -9999 -9999 -9999 -9999 -9999 288 288 292 296 301 304 306 308 311 314 317 319 320 319 320 318 316 316 317 315 313 312 313 312 314 314 317 320 326 334 337 337 341 344 351 348 348 348 344 347 352 358 356 360 359 360 360 362 363 362 359 358 357
