taller1/intro_R/datos/mapas/bio6.asc
ncols 660
nrows 456
xllcorner -12.000000
yllcorner 34.000000
cellsize 0.083333
NODATA_value -9999
[rows 123 to 163 of 456, columns 546 to 636 of 660]
-148 -149 -151 -152 -153 -154 -156 -155 -154 -153 -153 -152 -148 -147 -147 -148 -148 -148 -149 -150 -150 -149 -151 -151 -151 -151 -152 -152 -152 -153 -153 -154 -155 -155 -157 -158 -158 -158 -158 -161 -162 -161 -161 -161 -164 -166 -167 -167 -166 -165 -164 -166 -167 -167 -165 -165 -167 -166 -166 -167 -166 -166 -166 -166 -165 -165 -164 -164 -163 -164 -163 -164 -164 -164 -164 -165 -165 -166 -168 -168 -168 -169 -168 -167 -167 -166 -166 -167 -167 -167 -168
-149 -150 -151 -153 -156 -158 -157 -155 -154 -154 -156 -153 -150 -148 -147 -147 -148 -148 -148 -149 -150 -150 -150 -151 -151 -151 -151 -152 -152 -152 -153 -154 -154 -155 -156 -157 -158 -159 -161 -161 -161 -161 -162 -164 -166 -167 -169 -168 -167 -166 -167 -167 -167 -167 -167 -166 -166 -166 -166 -166 -167 -166 -166 -166 -165 -165 -164 -164 -163 -163 -163 -163 -163 -163 -165 -165 -164 -165 -166 -166 -166 -167 -167 -167 -167 -168 -169 -169 -167 -168 -169
-150 -151 -156 -157 -156 -156 -154 -154 -154 -155 -156 -154 -153 -151 -149 -148 -148 -148 -148 -148 -149 -150 -150 -150 -151 -151 -151 -151 -152 -152 -152 -154 -154 -155 -155 -156 -158 -159 -159 -160 -161 -163 -165 -168 -170 -171 -169 -168 -168 -168 -167 -167 -166 -167 -166 -166 -166 -166 -166 -166 -165 -165 -166 -165 -165 -164 -164 -165 -165 -164 -164 -163 -164 -164 -165 -165 -165 -164 -164 -166 -165 -167 -168 -169 -170 -171 -171 -171 -170 -169 -173
-150 -151 -153 -154 -153 -155 -155 -154 -154 -153 -154 -153 -152 -151 -150 -151 -151 -150 -150 -151 -151 -149 -150 -150 -150 -151 -151 -151 -151 -152 -152 -153 -154 -154 -154 -156 -157 -159 -159 -162 -163 -166 -168 -169 -169 -170 -169 -168 -168 -168 -169 -168 -167 -167 -166 -165 -165 -166 -166 -165 -165 -165 -164 -164 -164 -164 -165 -165 -165 -165 -165 -164 -164 -164 -164 -164 -164 -164 -164 -165 -166 -167 -167 -169 -170 -170 -170 -171 -171 -171 -173
-149 -149 -149 -151 -154 -156 -155 -154 -153 -152 -151 -150 -149 -148 -148 -149 -149 -150 -151 -154 -155 -152 -151 -150 -150 -150 -151 -151 -151 -152 -153 -152 -153 -154 -154 -155 -156 -158 -160 -161 -163 -166 -166 -168 -167 -168 -168 -168 -168 -168 -169 -169 -167 -167 -166 -165 -165 -165 -165 -165 -165 -164 -163 -163 -164 -164 -165 -165 -165 -165 -166 -166 -166 -165 -165 -164 -164 -164 -164 -164 -165 -165 -168 -168 -169 -169 -170 -170 -171 -172 -172
-148 -148 -148 -148 -149 -151 -153 -153 -152 -152 -151 -150 -148 -148 -148 -147 -148 -148 -149 -150 -152 -153 -153 -154 -150 -150 -150 -151 -151 -151 -152 -153 -153 -153 -154 -154 -155 -156 -159 -163 -165 -167 -168 -167 -167 -166 -167 -167 -168 -168 -168 -168 -168 -167 -166 -165 -165 -165 -165 -165 -164 -164 -163 -163 -164 -165 -165 -165 -165 -167 -169 -169 -168 -167 -166 -165 -165 -164 -164 -164 -164 -165 -167 -167 -168 -169 -170 -170 -171 -172 -172
-148 -148 -148 -148 -147 -148 -150 -150 -150 -150 -151 -150 -150 -149 -147 -146 -147 -147 -147 -148 -149 -151 -152 -152 -152 -150 -150 -150 -151 -151 -151 -153 -153 -153 -154 -155 -155 -156 -157 -160 -163 -164 -165 -165 -165 -165 -166 -166 -166 -166 -166 -167 -167 -168 -166 -165 -165 -165 -165 -165 -165 -164 -163 -164 -164 -165 -165 -166 -166 -168 -169 -170 -168 -168 -168 -167 -165 -164 -164 -164 -164 -165 -166 -168 -168 -169 -169 -169 -171 -171 -172
-148 -147 -146 -146 -147 -147 -148 -148 -148 -149 -150 -149 -149 -148 -147 -146 -146 -146 -147 -147 -148 -149 -150 -151 -151 -151 -150 -150 -150 -152 -152 -152 -153 -153 -154 -155 -155 -156 -157 -158 -161 -163 -163 -164 -164 -165 -165 -165 -164 -164 -165 -167 -168 -168 -166 -166 -165 -165 -165 -166 -165 -164 -165 -165 -166 -165 -165 -165 -166 -168 -168 -168 -168 -167 -166 -165 -165 -165 -165 -165 -165 -166 -167 -168 -169 -168 -168 -169 -169 -169 -170
-146 -147 -146 -146 -147 -147 -146 -146 -147 -147 -148 -148 -148 -148 -148 -147 -146 -146 -147 -147 -148 -148 -149 -149 -150 -149 -149 -150 -150 -151 -152 -153 -153 -154 -154 -155 -156 -160 -160 -161 -161 -162 -164 -164 -165 -165 -165 -165 -165 -165 -165 -165 -167 -167 -166 -167 -166 -166 -166 -165 -165 -164 -164 -165 -166 -166 -166 -165 -166 -167 -167 -167 -167 -166 -166 -166 -166 -166 -167 -168 -168 -169 -169 -169 -168 -169 -170 -170 -170 -170 -171
-146 -146 -146 -145 -144 -144 -143 -143 -146 -146 -146 -147 -147 -147 -148 -148 -148 -148 -148 -149 -149 -151 -152 -149 -148 -149 -149 -150 -150 -150 -152 -158 -160 -159 -157 -155 -155 -158 -159 -160 -161 -161 -162 -163 -163 -164 -164 -164 -165 -165 -164 -165 -165 -166 -166 -168 -167 -167 -167 -166 -165 -165 -164 -165 -165 -166 -166 -166 -166 -167 -167 -167 -167 -166 -167 -167 -168 -169 -168 -169 -169 -169 -169 -169 -169 -169 -169 -170 -171 -171 -171
-143 -143 -142 -142 -144 -144 -144 -145 -146 -147 -148 -149 -149 -149 -150 -150 -150 -149 -151 -152 -154 -156 -155 -151 -149 -149 -149 -150 -150 -151 -152 -155 -157 -159 -160 -159 -159 -159 -160 -159 -159 -160 -160 -162 -163 -163 -163 -163 -164 -164 -164 -165 -165 -165 -165 -166 -166 -166 -166 -166 -165 -165 -165 -165 -165 -165 -166 -165 -166 -166 -167 -167 -166 -167 -169 -169 -169 -170 -169 -169 -169 -170 -169 -170 -169 -170 -170 -170 -169 -170 -171
-142 -141 -141 -142 -143 -145 -146 -146 -146 -147 -149 -150 -149 -149 -149 -149 -150 -151 -152 -152 -153 -154 -154 -154 -152 -151 -151 -151 -151 -153 -155 -157 -158 -158 -159 -160 -161 -160 -159 -159 -159 -159 -160 -160 -162 -163 -163 -163 -164 -164 -164 -164 -165 -165 -165 -165 -165 -165 -165 -165 -165 -165 -165 -165 -165 -165 -165 -166 -166 -167 -169 -170 -169 -169 -169 -170 -170 -171 -169 -169 -169 -169 -169 -170 -170 -170 -170 -170 -170 -171 -171
-140 -141 -142 -144 -144 -146 -146 -146 -147 -148 -149 -149 -149 -149 -148 -149 -149 -150 -151 -154 -156 -158 -160 -159 -157 -154 -152 -153 -153 -153 -154 -159 -161 -161 -161 -162 -161 -160 -160 -159 -159 -159 -159 -159 -161 -162 -161 -163 -163 -164 -164 -165 -164 -165 -164 -164 -164 -164 -164 -165 -165 -165 -165 -165 -164 -164 -165 -166 -166 -166 -167 -169 -169 -169 -169 -169 -169 -171 -170 -169 -169 -169 -170 -170 -170 -171 -171 -171 -172 -172 -172
-141 -143 -145 -146 -146 -145 -145 -145 -147 -149 -149 -148 -148 -149 -148 -149 -149 -150 -153 -155 -157 -157 -158 -157 -157 -157 -157 -156 -155 -156 -157 -158 -159 -159 -160 -160 -160 -160 -160 -159 -158 -158 -159 -159 -159 -161 -161 -162 -163 -163 -163 -164 -164 -163 -164 -164 -164 -164 -165 -165 -165 -165 -165 -165 -165 -164 -165 -165 -165 -166 -166 -168 -168 -168 -169 -169 -169 -170 -169 -169 -169 -169 -169 -169 -170 -170 -171 -172 -172 -174 -174
-141 -142 -143 -144 -145 -145 -145 -145 -146 -147 -148 -148 -147 -148 -149 -149 -149 -151 -153 -155 -156 -157 -157 -158 -158 -159 -159 -157 -157 -157 -158 -159 -158 -158 -159 -160 -160 -159 -159 -159 -158 -158 -158 -159 -159 -159 -161 -162 -162 -162 -163 -162 -162 -163 -163 -164 -164 -166 -166 -166 -166 -165 -165 -166 -165 -165 -165 -165 -166 -166 -166 -167 -168 -168 -169 -170 -170 -171 -170 -170 -169 -169 -169 -169 -169 -170 -170 -171 -173 -173 -174
-140 -141 -141 -143 -144 -144 -144 -144 -144 -145 -146 -146 -148 -150 -150 -149 -150 -151 -153 -155 -156 -157 -157 -158 -158 -158 -159 -160 -160 -159 -158 -158 -159 -158 -158 -158 -158 -157 -158 -158 -158 -157 -157 -158 -159 -159 -160 -161 -162 -162 -163 -162 -162 -162 -162 -163 -164 -165 -166 -166 -167 -166 -164 -165 -165 -165 -165 -165 -166 -166 -167 -168 -169 -170 -170 -170 -170 -170 -169 -170 -169 -169 -170 -170 -170 -170 -169 -170 -172 -171 -171
-141 -141 -142 -142 -142 -143 -143 -144 -145 -146 -147 -149 -149 -150 -152 -152 -153 -153 -153 -155 -155 -156 -157 -157 -156 -158 -158 -159 -158 -158 -158 -157 -157 -157 -157 -157 -157 -157 -158 -158 -158 -157 -157 -157 -158 -159 -159 -160 -160 -161 -162 -162 -162 -163 -163 -163 -164 -165 -165 -166 -166 -166 -165 -165 -165 -166 -166 -166 -167 -168 -169 -169 -170 -171 -171 -171 -171 -171 -170 -171 -171 -171 -171 -171 -172 -172 -172 -172 -172 -170 -171
-140 -141 -142 -142 -144 -145 -145 -145 -146 -146 -147 -150 -151 -151 -152 -154 -155 -155 -155 -155 -155 -155 -156 -156 -156 -156 -157 -157 -158 -158 -157 -157 -156 -156 -156 -157 -157 -157 -157 -158 -158 -157 -157 -157 -157 -158 -158 -158 -158 -159 -159 -159 -160 -161 -163 -164 -164 -165 -165 -166 -165 -165 -165 -165 -165 -166 -166 -166 -168 -168 -169 -169 -171 -171 -170 -171 -170 -170 -171 -171 -172 -171 -171 -172 -172 -173 -172 -171 -171 -171 -170
-140 -141 -142 -143 -144 -144 -145 -145 -147 -147 -149 -151 -152 -152 -152 -153 -154 -154 -155 -155 -154 -155 -155 -155 -156 -156 -156 -156 -157 -157 -157 -156 -156 -156 -156 -156 -156 -157 -157 -157 -158 -157 -157 -157 -157 -157 -157 -158 -158 -158 -159 -159 -159 -160 -161 -162 -163 -163 -165 -166 -167 -166 -165 -165 -165 -166 -166 -167 -168 -168 -169 -170 -171 -171 -171 -170 -170 -170 -170 -170 -172 -172 -172 -172 -172 -171 -171 -171 -171 -171 -170
-140 -141 -142 -143 -144 -145 -146 -146 -146 -147 -148 -149 -149 -151 -153 -153 -154 -154 -154 -154 -154 -154 -155 -155 -155 -155 -155 -155 -156 -157 -157 -156 -154 -155 -156 -156 -156 -156 -156 -157 -157 -158 -158 -157 -157 -157 -157 -157 -158 -158 -158 -159 -159 -160 -160 -161 -162 -162 -163 -165 -166 -166 -166 -166 -166 -166 -167 -167 -167 -168 -170 -171 -171 -171 -171 -171 -170 -171 -170 -171 -172 -173 -172 -172 -173 -172 -171 -170 -170 -171 -170
-140 -141 -141 -142 -142 -143 -145 -146 -146 -147 -145 -146 -146 -148 -151 -153 -153 -153 -153 -153 -153 -153 -153 -153 -153 -154 -153 -154 -155 -155 -155 -155 -155 -154 -155 -155 -155 -156 -156 -156 -157 -157 -158 -158 -158 -158 -158 -158 -158 -158 -158 -159 -159 -160 -160 -160 -161 -162 -163 -164 -166 -165 -165 -165 -166 -166 -167 -167 -168 -168 -170 -171 -172 -172 -172 -172 -172 -172 -171 -171 -172 -173 -172 -172 -172 -171 -171 -170 -171 -171 -171
-139 -140 -141 -141 -141 -142 -142 -143 -143 -144 -144 -145 -147 -150 -151 -152 -152 -152 -152 -152 -152 -152 -153 -153 -153 -153 -153 -154 -153 -153 -154 -154 -153 -153 -154 -155 -154 -155 -155 -156 -156 -156 -157 -157 -158 -159 -159 -158 -159 -159 -159 -160 -161 -161 -161 -161 -162 -163 -163 -164 -165 -164 -165 -165 -165 -166 -166 -167 -167 -168 -170 -171 -172 -173 -174 -173 -172 -172 -173 -172 -172 -172 -172 -171 -171 -171 -171 -172 -172 -171 -171
-138 -139 -140 -140 -141 -141 -142 -143 -143 -145 -146 -148 -148 -149 -149 -151 -151 -151 -151 -151 -152 -152 -152 -152 -152 -152 -152 -153 -153 -153 -153 -153 -153 -153 -153 -154 -154 -154 -154 -154 -155 -156 -158 -160 -159 -159 -159 -159 -160 -159 -159 -160 -161 -161 -161 -161 -161 -162 -162 -163 -163 -164 -164 -165 -166 -166 -166 -166 -167 -168 -170 -170 -170 -171 -172 -173 -173 -172 -173 -173 -173 -172 -172 -172 -172 -172 -172 -172 -172 -171 -171
-138 -139 -139 -140 -141 -141 -142 -143 -144 -145 -146 -147 -147 -148 -148 -149 -149 -150 -150 -150 -150 -150 -151 -152 -152 -152 -152 -152 -152 -152 -152 -152 -152 -152 -152 -153 -153 -154 -154 -154 -155 -156 -159 -160 -160 -160 -160 -159 -159 -159 -159 -159 -160 -160 -161 -161 -161 -161 -162 -162 -162 -163 -164 -165 -166 -167 -166 -166 -167 -167 -168 -170 -171 -171 -171 -172 -172 -172 -173 -173 -172 -172 -172 -172 -172 -172 -171 -172 -172 -172 -172
-138 -139 -139 -139 -140 -141 -142 -144 -145 -147 -147 -147 -147 -148 -149 -149 -149 -149 -149 -149 -149 -149 -149 -150 -151 -151 -152 -151 -152 -152 -151 -151 -151 -151 -151 -152 -153 -153 -153 -154 -154 -156 -158 -160 -160 -161 -160 -160 -161 -160 -159 -159 -159 -159 -160 -161 -161 -161 -161 -161 -162 -163 -163 -164 -166 -168 -169 -168 -167 -167 -168 -169 -170 -171 -171 -171 -171 -172 -173 -173 -172 -172 -171 -171 -171 -171 -171 -172 -171 -171 -171
-138 -138 -138 -139 -140 -141 -142 -143 -144 -144 -145 -147 -148 -148 -148 -148 -148 -148 -148 -148 -148 -148 -149 -149 -149 -150 -150 -151 -151 -151 -151 -150 -150 -150 -151 -151 -152 -152 -152 -153 -154 -154 -156 -157 -158 -160 -161 -161 -161 -159 -159 -158 -158 -159 -160 -161 -160 -161 -161 -160 -162 -163 -164 -165 -167 -168 -168 -168 -168 -169 -168 -169 -169 -170 -170 -171 -171 -171 -171 -171 -172 -171 -170 -170 -169 -169 -169 -169 -168 -168 -169
-138 -138 -138 -139 -140 -143 -143 -144 -145 -146 -146 -147 -147 -146 -147 -147 -147 -147 -147 -147 -147 -147 -148 -148 -148 -149 -149 -149 -150 -150 -150 -150 -150 -150 -151 -151 -151 -151 -152 -152 -152 -153 -153 -154 -155 -156 -156 -157 -158 -158 -158 -158 -158 -159 -160 -160 -159 -160 -160 -161 -162 -163 -164 -165 -167 -168 -168 -168 -169 -169 -170 -170 -169 -170 -170 -171 -171 -171 -171 -171 -170 -170 -170 -169 -169 -168 -168 -168 -167 -166 -166
-138 -138 -138 -139 -141 -144 -145 -145 -145 -145 -146 -146 -146 -146 -146 -146 -146 -146 -146 -146 -147 -147 -147 -147 -148 -148 -148 -148 -149 -149 -149 -149 -149 -150 -150 -150 -150 -150 -151 -151 -152 -152 -152 -152 -154 -156 -156 -156 -157 -159 -158 -158 -159 -159 -160 -160 -160 -159 -160 -160 -162 -163 -164 -166 -167 -168 -167 -167 -168 -170 -171 -172 -172 -171 -171 -171 -171 -171 -171 -171 -170 -169 -169 -169 -169 -168 -167 -167 -166 -166 -166
-138 -138 -139 -139 -142 -143 -144 -145 -145 -145 -145 -145 -145 -145 -145 -145 -145 -145 -145 -146 -146 -146 -146 -146 -147 -147 -147 -148 -148 -148 -148 -148 -148 -149 -149 -149 -149 -150 -150 -150 -151 -151 -151 -152 -152 -154 -155 -155 -156 -158 -159 -159 -158 -159 -159 -160 -159 -160 -160 -160 -161 -163 -165 -166 -167 -168 -168 -168 -169 -169 -170 -171 -172 -173 -173 -172 -172 -171 -171 -170 -169 -168 -168 -168 -168 -167 -166 -166 -166 -165 -165
-139 -139 -140 -141 -141 -142 -143 -143 -143 -144 -144 -144 -144 -144 -144 -144 -144 -144 -145 -145 -145 -145 -145 -146 -146 -146 -146 -147 -147 -147 -147 -147 -148 -148 -148 -148 -149 -149 -149 -150 -150 -150 -151 -151 -151 -152 -153 -155 -156 -156 -156 -156 -156 -156 -157 -157 -158 -159 -159 -159 -160 -163 -165 -166 -167 -168 -167 -168 -169 -169 -170 -170 -171 -172 -173 -173 -173 -171 -170 -169 -168 -168 -167 -167 -167 -166 -167 -167 -167 -167 -166
-142 -144 -144 -144 -143 -143 -143 -144 -143 -143 -143 -143 -143 -143 -143 -143 -143 -143 -144 -144 -144 -144 -145 -145 -145 -145 -145 -146 -146 -146 -146 -147 -147 -147 -148 -148 -148 -148 -149 -149 -149 -150 -150 -150 -151 -151 -151 -152 -153 -154 -154 -154 -156 -155 -155 -156 -157 -158 -158 -159 -159 -161 -162 -165 -166 -167 -168 -168 -168 -169 -170 -169 -170 -172 -172 -172 -172 -171 -170 -169 -168 -167 -167 -167 -166 -166 -168 -169 -168 -168 -167
-142 -144 -145 -144 -144 -144 -145 -144 -144 -143 -143 -143 -143 -143 -143 -143 -143 -143 -143 -143 -143 -144 -144 -144 -144 -144 -144 -145 -145 -145 -145 -146 -146 -146 -147 -147 -147 -148 -148 -149 -149 -149 -150 -150 -150 -151 -151 -151 -152 -152 -152 -153 -154 -154 -155 -155 -156 -156 -157 -158 -160 -162 -162 -162 -164 -166 -167 -167 -167 -169 -168 -170 -171 -171 -173 -173 -173 -172 -171 -169 -167 -167 -167 -166 -165 -166 -166 -166 -166 -165 -165
-141 -143 -144 -143 -143 -143 -143 -143 -143 -143 -142 -142 -142 -142 -142 -142 -143 -143 -143 -143 -143 -143 -143 -143 -144 -144 -144 -143 -144 -145 -145 -145 -146 -146 -146 -146 -147 -147 -147 -148 -148 -149 -149 -149 -150 -150 -150 -151 -151 -151 -151 -152 -152 -154 -154 -155 -155 -156 -157 -159 -161 -162 -162 -163 -164 -164 -166 -167 -167 -168 -169 -169 -171 -171 -172 -172 -172 -171 -170 -169 -167 -166 -166 -165 -165 -164 -164 -164 -164 -163 -163
-142 -142 -143 -144 -142 -142 -142 -142 -142 -142 -142 -142 -142 -142 -142 -142 -142 -142 -142 -142 -142 -143 -142 -142 -143 -143 -143 -144 -143 -144 -144 -145 -145 -145 -145 -146 -146 -146 -146 -147 -147 -148 -148 -149 -149 -149 -150 -150 -150 -151 -151 -152 -152 -152 -153 -154 -157 -158 -159 -159 -160 -161 -161 -162 -163 -164 -164 -165 -166 -166 -167 -168 -169 -171 -171 -170 -168 -168 -169 -169 -168 -166 -166 -166 -164 -164 -163 -163 -163 -162 -162
-143 -143 -142 -142 -142 -142 -142 -141 -141 -141 -141 -141 -141 -141 -141 -142 -141 -141 -141 -142 -142 -142 -143 -143 -143 -142 -142 -142 -143 -143 -143 -144 -144 -144 -144 -145 -145 -145 -146 -146 -146 -147 -147 -148 -148 -149 -149 -149 -150 -150 -151 -151 -152 -152 -152 -152 -154 -157 -160 -160 -161 -162 -162 -162 -163 -164 -163 -164 -164 -164 -165 -167 -168 -169 -168 -167 -166 -167 -168 -168 -168 -167 -167 -167 -165 -164 -162 -162 -162 -162 -162
-138 -139 -141 -141 -141 -141 -141 -141 -141 -140 -140 -140 -140 -140 -140 -141 -141 -141 -142 -142 -143 -142 -142 -142 -142 -141 -142 -142 -142 -142 -142 -143 -143 -144 -144 -145 -145 -145 -145 -145 -145 -146 -146 -146 -147 -148 -148 -149 -149 -149 -150 -150 -151 -151 -151 -152 -152 -153 -156 -158 -160 -160 -161 -161 -163 -163 -162 -162 -162 -162 -162 -163 -165 -165 -165 -166 -166 -166 -168 -167 -167 -166 -166 -166 -165 -164 -163 -162 -162 -161 -161
-139 -140 -140 -140 -140 -140 -140 -140 -140 -140 -140 -140 -140 -140 -140 -140 -140 -141 -141 -142 -143 -143 -142 -142 -141 -141 -141 -141 -141 -142 -142 -143 -144 -143 -144 -145 -145 -145 -145 -147 -146 -145 -146 -146 -146 -146 -147 -148 -148 -149 -149 -150 -150 -151 -151 -151 -152 -152 -153 -154 -156 -157 -159 -160 -161 -161 -161 -162 -162 -161 -161 -162 -163 -164 -164 -164 -165 -165 -166 -166 -165 -164 -163 -163 -164 -163 -162 -162 -162 -161 -161
-137 -138 -138 -139 -139 -139 -139 -138 -139 -139 -139 -139 -139 -140 -140 -140 -140 -140 -141 -141 -142 -143 -143 -143 -142 -141 -141 -141 -141 -142 -142 -143 -144 -145 -146 -146 -145 -145 -147 -148 -146 -145 -145 -145 -146 -146 -146 -147 -147 -147 -148 -149 -149 -149 -150 -151 -151 -152 -152 -153 -153 -155 -156 -157 -158 -159 -160 -160 -161 -160 -160 -162 -162 -162 -162 -162 -163 -163 -164 -164 -164 -164 -163 -162 -162 -162 -161 -161 -161 -160 -160
-134 -133 -134 -135 -138 -139 -138 -138 -139 -139 -139 -139 -139 -139 -139 -140 -140 -139 -140 -140 -141 -141 -142 -141 -141 -141 -140 -140 -141 -142 -142 -143 -144 -144 -145 -145 -146 -146 -146 -145 -146 -146 -146 -146 -146 -146 -146 -146 -146 -147 -147 -147 -148 -149 -149 -149 -150 -151 -151 -152 -152 -153 -154 -155 -156 -157 -157 -157 -158 -159 -160 -160 -161 -161 -162 -161 -161 -161 -161 -162 -161 -163 -162 -160 -159 -159 -159 -160 -160 -160 -160
-133 -133 -133 -132 -134 -136 -137 -138 -138 -138 -138 -137 -137 -138 -139 -139 -139 -139 -140 -140 -140 -140 -141 -141 -141 -140 -140 -140 -140 -141 -141 -142 -143 -143 -144 -144 -146 -146 -145 -145 -147 -147 -147 -147 -148 -147 -146 -146 -146 -146 -146 -147 -147 -147 -148 -148 -149 -149 -150 -151 -151 -152 -152 -153 -154 -154 -155 -156 -157 -158 -158 -159 -159 -159 -160 -160 -160 -159 -159 -159 -159 -159 -158 -157 -156 -156 -156 -157 -157 -158 -158
-136 -136 -135 -134 -133 -133 -134 -136 -136 -136 -136 -136 -136 -137 -137 -138 -139 -139 -139 -139 -140 -140 -140 -140 -140 -140 -139 -139 -140 -140 -140 -141 -141 -142 -142 -143 -145 -146 -146 -146 -147 -147 -147 -148 -149 -149 -148 -147 -147 -147 -147 -146 -146 -147 -147 -148 -148 -149 -149 -150 -150 -151 -151 -152 -152 -153 -155 -156 -156 -157 -158 -159 -159 -158 -158 -159 -158 -158 -158 -158 -157 -156 -156 -155 -155 -154 -154 -154 -155 -155 -155
