taller1/intro_R/datos/mapas/bio6.asc
ncols 660
nrows 456
xllcorner -12.000000
yllcorner 34.000000
cellsize 0.083333
NODATA_value -9999
[rows 328 to 368 of 456, columns 91 to 181 of 660]
-9999 -9999 -9999 -9999 -9999 -9999 -9999 -9999 -9999 -9999 -9999 -9999 -9999 -9999 -9999 -9999 -9999 -9999 -9999 -9999 -9999 -9999 -9999 -9999 -9999 -9999 -9999 -9999 -9999 -9999 -9999 -9999 -9999 -9999 -9999 -9999 -9999 29 26 25 24 22 19 17 16 15 15 14 15 13 11 12 12 11 11 11 11 11 10 10 10 10 9 6 5 6 4 5 5 4 2 1 0 1 3 3 4 3 4 3 1 -1 -4 -3 -7 -12 -17 -24 -36 -38 -38
-9999 -9999 -9999 -9999 -9999 -9999 -9999 -9999 -9999 -9999 -9999 -9999 -9999 -9999 -9999 -9999 -9999 -9999 -9999 -9999 -9999 -9999 -9999 -9999 -9999 -9999 -9999 -9999 -9999 -9999 -9999 -9999 -9999 -9999 -9999 -9999 -9999 29 26 25 23 21 20 17 15 14 13 13 14 13 13 12 12 13 12 11 11 10 10 10 9 9 10 8 8 7 7 7 5 6 4 4 4 5 4 3 4 4 3 2 2 1 -1 -3 -3 -1 -5 -10 -20 -31 -35
-9999 -9999 -9999 -9999 -9999 -9999 -9999 -9999 -9999 -9999 -9999 -9999 -9999 -9999 -9999 -9999 -9999 -9999 -9999 -9999 -9999 -9999 -9999 -9999 -9999 -9999 -9999 -9999 -9999 -9999 -9999 -9999 -9999 -9999 -9999 -9999 -9999 29 27 24 22 20 19 18 16 14 13 13 13 10 10 9 9 10 12 13 11 10 10 10 11 10 10 10 10 7 8 8 6 7 8 7 5 6 5 5 2 2 -1 -2 -2 -2 0 -4 -4 -5 -5 -6 -5 -10 -12
-9999 -9999 -9999 -9999 -9999 -9999 -9999 -9999 -9999 -9999 -9999 -9999 -9999 -9999 -9999 -9999 -9999 -9999 -9999 -9999 -9999 -9999 -9999 -9999 -9999 -9999 -9999 -9999 -9999 -9999 -9999 -9999 -9999 -9999 -9999 -9999 -9999 29 27 25 22 20 18 17 15 14 12 11 11 10 9 8 7 8 10 10 12 10 11 11 9 9 10 8 7 5 5 5 5 4 5 5 5 4 2 1 1 2 -2 -3 -5 -5 -4 -4 -4 -7 -9 -7 -8 -12 -16
-9999 -9999 -9999 -9999 -9999 -9999 -9999 -9999 -9999 -9999 -9999 -9999 -9999 -9999 -9999 -9999 -9999 -9999 -9999 -9999 -9999 -9999 -9999 -9999 -9999 -9999 -9999 -9999 -9999 -9999 -9999 -9999 -9999 -9999 -9999 -9999 -9999 30 28 25 22 20 18 16 15 13 11 10 9 9 8 8 7 8 8 8 12 10 8 8 7 7 7 8 6 5 7 8 6 6 6 6 5 3 2 1 2 1 -3 -7 -7 -7 -9 -7 -6 -10 -13 -15 -16 -12 -13
-9999 -9999 -9999 -9999 -9999 -9999 -9999 -9999 -9999 -9999 -9999 -9999 -9999 -9999 -9999 -9999 -9999 -9999 -9999 -9999 -9999 -9999 -9999 -9999 -9999 -9999 -9999 -9999 -9999 -9999 -9999 -9999 -9999 -9999 -9999 -9999 -9999 31 28 25 22 19 17 16 13 11 10 9 8 7 6 6 7 6 7 7 9 10 10 12 10 9 10 8 8 9 9 9 9 9 8 9 8 4 4 5 3 3 0 -0 0 -2 -3 -4 -9 -12 -13 -16 -12 -7 -4
-9999 -9999 -9999 -9999 -9999 -9999 -9999 -9999 -9999 -9999 -9999 -9999 -9999 -9999 -9999 -9999 -9999 -9999 -9999 -9999 -9999 -9999 -9999 -9999 -9999 -9999 -9999 -9999 -9999 -9999 -9999 -9999 -9999 -9999 -9999 -9999 -9999 31 28 25 22 19 17 15 13 11 9 8 7 7 7 6 6 5 7 7 9 8 9 8 10 11 11 11 10 9 11 11 10 9 11 11 9 5 5 7 7 3 3 3 1 1 -1 -4 -8 -11 -12 -13 -3 -1 -4
-9999 -9999 -9999 -9999 -9999 -9999 -9999 -9999 -9999 -9999 -9999 -9999 -9999 -9999 -9999 -9999 -9999 -9999 -9999 -9999 -9999 -9999 -9999 -9999 -9999 -9999 -9999 -9999 -9999 -9999 -9999 -9999 -9999 -9999 -9999 -9999 34 32 29 25 22 19 17 15 12 11 10 8 8 8 6 6 5 6 7 8 8 9 8 7 10 8 8 9 10 11 12 11 12 11 10 10 9 5 3 6 7 6 7 6 2 1 0 -0 -1 -1 2 1 2 -2 -8
-9999 -9999 -9999 -9999 -9999 -9999 -9999 -9999 -9999 -9999 -9999 -9999 -9999 -9999 -9999 -9999 -9999 -9999 -9999 -9999 -9999 -9999 -9999 -9999 -9999 -9999 -9999 -9999 -9999 -9999 -9999 -9999 -9999 -9999 -9999 -9999 35 32 28 25 21 20 17 16 14 12 10 9 8 7 7 7 6 6 6 7 8 8 7 7 8 8 9 7 7 8 9 11 11 10 9 9 8 7 8 8 10 9 10 10 6 6 5 4 2 6 6 3 0 -3 -7
-9999 -9999 -9999 -9999 -9999 -9999 -9999 -9999 -9999 -9999 -9999 -9999 -9999 -9999 -9999 -9999 -9999 -9999 -9999 -9999 -9999 -9999 -9999 -9999 -9999 -9999 -9999 -9999 -9999 -9999 -9999 -9999 -9999 -9999 -9999 -9999 36 33 29 25 22 20 19 17 15 12 10 9 8 8 8 7 6 6 6 6 7 8 7 7 9 7 7 6 8 7 7 10 10 10 11 9 9 9 10 11 11 11 10 9 6 2 -1 -2 2 3 5 5 0 -0 -3
-9999 -9999 -9999 -9999 -9999 -9999 -9999 -9999 -9999 -9999 -9999 -9999 -9999 -9999 -9999 -9999 -9999 -9999 -9999 -9999 -9999 -9999 -9999 -9999 -9999 -9999 -9999 -9999 -9999 -9999 -9999 -9999 -9999 -9999 -9999 39 36 33 29 26 24 22 21 18 16 13 11 10 9 8 7 8 7 6 5 5 7 6 6 6 8 7 7 8 7 4 6 8 10 9 9 10 10 12 11 10 10 11 10 9 5 2 -1 -5 -4 -0 -4 -3 0 -1 0
-9999 -9999 -9999 -9999 -9999 -9999 -9999 -9999 -9999 -9999 -9999 -9999 -9999 -9999 -9999 -9999 -9999 -9999 -9999 -9999 -9999 -9999 -9999 -9999 -9999 -9999 -9999 -9999 -9999 -9999 -9999 -9999 -9999 -9999 -9999 39 37 33 30 28 26 24 20 17 15 13 11 9 7 8 8 7 7 6 5 4 6 6 5 5 7 6 6 7 7 6 5 8 8 10 9 9 9 9 12 12 10 9 10 10 5 2 -1 -3 -8 -14 -11 -10 -5 -3 5
-9999 -9999 -9999 -9999 -9999 -9999 -9999 -9999 -9999 -9999 -9999 -9999 -9999 -9999 -9999 -9999 -9999 -9999 -9999 -9999 -9999 -9999 -9999 -9999 -9999 -9999 -9999 -9999 -9999 -9999 -9999 -9999 -9999 -9999 -9999 40 37 33 31 27 25 23 20 18 16 13 10 8 8 6 7 7 6 6 5 4 5 6 4 4 6 5 6 7 6 7 7 6 7 9 10 9 9 10 10 9 10 12 13 12 11 1 -0 -5 -9 -9 -10 -14 -10 5 12
-9999 -9999 -9999 -9999 -9999 -9999 -9999 -9999 -9999 66 64 -9999 -9999 -9999 -9999 -9999 -9999 -9999 -9999 -9999 -9999 -9999 -9999 -9999 -9999 -9999 -9999 -9999 -9999 -9999 -9999 -9999 -9999 -9999 42 40 36 34 31 28 26 22 19 16 15 13 11 8 7 5 6 4 5 6 6 4 4 4 5 5 4 4 6 5 6 7 4 7 8 9 9 10 10 9 10 10 10 11 13 12 12 9 -1 -5 -8 -10 -3 7 12 10 12
-9999 -9999 -9999 63 63 64 66 67 66 62 64 63 -9999 -9999 -9999 -9999 -9999 60 60 58 66 -9999 -9999 -9999 -9999 -9999 -9999 -9999 -9999 -9999 -9999 -9999 -9999 45 42 39 35 33 29 27 25 22 18 17 15 12 10 9 5 4 3 3 2 5 5 3 3 4 4 4 3 4 4 6 6 4 5 7 8 9 8 9 11 10 10 10 12 9 3 -4 -6 -1 -4 1 -1 3 5 6 16 20 21
57 56 54 57 62 61 62 59 62 56 57 60 54 54 59 60 61 61 60 55 59 58 59 63 -9999 -9999 -9999 -9999 -9999 59 48 52 47 45 40 37 31 27 25 24 24 21 17 15 12 13 11 8 6 2 0 0 0 3 3 4 1 3 3 2 1 3 4 4 4 4 5 8 8 8 10 9 9 11 11 13 12 7 3 -0 -0 2 0 3 7 10 15 18 20 22 24
38 42 45 43 50 51 51 42 34 38 41 50 43 42 42 51 50 61 58 58 57 55 51 55 54 59 60 61 59 57 50 37 39 30 34 21 23 17 20 20 21 18 16 14 12 9 8 7 6 4 1 -2 -2 1 1 2 -1 1 1 0 1 2 2 2 3 3 6 8 6 7 8 10 10 9 11 11 15 17 16 15 15 17 17 20 22 24 23 25 27 27 26
23 28 21 30 40 34 35 34 14 0 21 36 38 35 42 47 46 42 54 55 51 43 43 45 44 45 44 44 52 39 38 20 32 24 14 11 10 19 17 13 13 13 11 9 9 8 4 4 3 4 1 -2 -3 -1 -2 1 -4 -3 -5 -4 -1 -0 0 1 2 4 6 6 5 7 7 8 10 11 10 10 10 15 17 17 19 20 21 24 25 25 27 27 28 29 26
-4 4 6 9 26 13 24 19 -4 -9 -0 7 20 38 37 43 42 43 43 44 32 38 41 40 36 34 34 37 38 22 14 11 23 23 17 4 2 5 10 3 -15 -4 8 5 4 2 -5 -3 -2 -1 -3 -5 -6 -6 -6 -6 -5 -10 -9 -6 -3 -1 0 1 3 1 2 2 5 6 6 7 9 10 9 9 9 12 15 15 18 15 14 18 20 25 26 26 29 30 28
-37 -25 -8 -2 2 2 5 3 4 12 14 15 14 18 14 17 36 37 20 3 21 20 34 37 26 35 40 34 18 19 3 3 2 -3 -12 -11 -12 -19 -16 -20 -27 -10 -7 -18 -17 -15 -34 -28 -34 -27 -34 -22 -16 -23 -22 -20 -12 -14 -12 -8 -6 -5 -2 -2 -0 0 -0 -1 -0 3 2 2 7 6 9 9 9 7 13 16 13 8 8 17 19 21 22 26 31 32 32
-38 -29 -8 -3 -0 2 2 3 6 13 21 18 14 13 12 11 15 18 21 14 22 22 15 11 -0 12 19 11 -1 1 6 7 5 3 -5 -9 -15 -18 -20 -24 -31 -34 -35 -44 -55 -20 -42 -40 -49 -53 -38 -35 -30 -61 -59 -42 -40 -27 -38 -23 -15 -21 -22 -23 -16 -10 -7 -5 -11 -14 -13 -5 1 -0 2 6 7 5 8 13 13 6 7 9 14 18 24 22 30 33 -9999
-11 -10 -6 -5 -2 -4 4 3 9 6 11 17 13 9 6 12 10 8 10 20 24 23 21 18 16 5 6 5 3 -9 3 12 7 2 -2 -8 -10 -15 -25 -19 -27 -29 -35 -52 -55 -50 -45 -60 -62 -78 -71 -56 -52 -55 -77 -77 -53 -28 -53 -44 -28 -27 -37 -44 -27 -26 -28 -7 -13 -19 -32 -16 -4 -21 -17 -7 -6 -4 0 12 6 4 6 12 16 22 22 25 32 36 -9999
-9 -5 -4 -7 -1 1 -4 1 0 -4 5 6 16 18 15 5 21 13 19 18 12 10 5 5 -2 -6 -2 -1 -11 -6 -2 9 10 7 0 -1 -1 -9 -12 -14 -18 -19 -31 -40 -48 -65 -58 -70 -63 -80 -86 -86 -75 -58 -86 -62 -52 -47 -50 -41 -33 -36 -52 -71 -65 -62 -49 -28 -23 -36 -36 -21 -14 -15 -29 -29 -23 -15 -7 -0 -2 7 16 22 26 30 30 36 38 38 -9999
-8 -6 -9 -9 -8 -5 -5 -1 -4 -8 -2 13 4 6 -0 4 22 23 21 15 13 10 1 4 5 3 1 3 9 12 7 7 0 -1 -7 -7 -3 1 -7 -12 -17 -15 -21 -24 -27 -40 -48 -74 -63 -50 -78 -68 -77 -83 -77 -69 -77 -81 -83 -77 -59 -50 -42 -54 -63 -69 -57 -63 -64 -70 -46 -51 -46 -40 -26 -23 -41 -35 -20 -24 -17 -5 7 17 26 31 35 38 39 40 -9999
-5 -5 -9 -8 -9 -8 -8 -7 -8 -6 2 12 12 11 9 6 11 15 18 9 -0 -3 1 2 1 2 10 9 7 11 14 12 2 -2 -11 -10 -5 0 -6 -12 -8 -8 -7 -16 -22 -25 -28 -39 -43 -36 -51 -44 -61 -69 -56 -45 -67 -67 -80 -56 -90 -81 -72 -74 -75 -62 -35 -51 -52 -74 -75 -66 -71 -67 -51 -59 -64 -52 -32 -44 -20 7 18 18 22 30 36 39 41 42 -9999
-6 -4 -4 -3 -3 -5 -9 -8 -7 -1 1 -2 0 3 3 5 13 17 18 19 16 14 13 11 9 11 13 12 13 13 15 14 7 2 -6 -1 4 2 1 -8 -12 -19 -13 -10 -19 -19 -25 -23 -22 -33 -42 -36 -39 -35 -24 -32 -61 -55 -41 -58 -65 -55 -58 -66 -79 -75 -38 -26 -38 -59 -55 -37 -62 -72 -57 -63 -59 -46 -35 -17 -7 1 -30 -8 13 25 35 37 38 39 42
-5 -5 -4 -3 -3 -7 -8 -6 -4 -5 -6 -5 -2 -3 2 5 7 10 10 12 15 13 14 15 14 15 16 13 14 14 11 13 9 9 2 0 2 -7 -11 -14 -15 -22 -23 -15 -17 -16 -21 -18 -18 -28 -34 -36 -24 -23 -13 -27 -35 -35 -35 -44 -36 -28 -41 -65 -60 -57 -30 -35 -45 -46 -27 -53 -69 -65 -54 -25 -17 -26 -52 -57 -52 -38 -35 -5 15 18 23 25 18 26 38
-5 -4 -3 -3 -6 -7 -6 -5 -4 -6 -8 -8 -14 -11 -7 -12 -12 -4 -1 9 6 -5 3 6 8 7 10 12 15 14 11 14 13 12 10 8 7 2 -7 -10 -15 -18 -20 -15 -12 -20 -21 -21 -25 -25 -29 -31 -31 -20 -11 -10 -15 -22 -27 -34 -37 -27 -27 -29 -25 -29 -22 -44 -32 -15 -10 -21 -24 -19 -14 -15 -26 -46 -55 -51 -32 -18 -6 5 10 16 30 39 41 41 40
-6 -5 -5 -6 -9 -7 -4 -5 -7 -9 -10 -13 -18 -24 -24 -27 -18 -28 -17 -3 -14 -20 -12 -14 -17 -9 -12 2 11 14 14 14 14 10 8 8 7 5 0 -3 -6 -8 -11 -6 -6 -12 -21 -28 -29 -31 -38 -32 -28 -21 -11 -7 -17 -13 -23 -16 -25 -16 -22 -28 -13 -11 -31 -35 -23 -4 -16 -32 -40 -39 -26 -28 -29 -22 -12 -17 -14 2 12 15 15 22 33 40 46 48 47
-8 -7 -7 -9 -5 -4 -5 -6 -7 -9 -11 -18 -28 -32 -40 -39 -37 -40 -26 -21 -25 -16 -23 -17 -26 -15 -12 -4 3 4 13 16 15 12 12 12 8 7 6 6 2 -2 -4 -1 0 -1 -1 -5 -8 -13 -12 -11 -17 -15 -15 -6 -12 -5 -10 -14 -17 -9 -18 -9 -2 -17 -32 -21 -6 -8 -25 -34 -33 -26 -20 -2 -9 -4 3 8 3 9 25 26 32 35 39 43 47 50 51
-12 -10 -9 -5 -6 -5 -5 -6 -9 -11 -15 -13 -15 -20 -23 -25 -29 -22 -26 -36 -31 -27 -33 -37 -31 -24 -23 -16 -11 -8 6 12 12 14 13 9 7 11 11 11 9 6 4 5 4 2 1 1 1 -3 -2 -2 -4 -3 -4 -1 -7 -7 -13 -12 -13 -6 -12 1 1 -1 -14 -15 -2 -10 -17 -19 -6 -10 -18 8 6 8 8 15 4 4 23 21 29 34 40 43 47 50 53
-9 -6 -7 -8 -8 -6 -6 -6 -7 -8 -11 -14 -12 -13 -20 -35 -39 -40 -47 -44 -45 -44 -43 -36 -29 -32 -27 -21 -10 -1 2 6 12 14 15 11 5 6 14 9 3 1 3 8 6 6 4 5 4 0 0 1 0 1 3 3 -10 -12 -12 -7 -9 -14 -15 -2 -14 -9 -5 3 11 7 5 5 5 3 11 21 17 17 14 19 25 16 10 25 32 32 41 46 48 53 54
-8 -9 -9 -11 -11 -9 -9 -9 -10 -11 -15 -17 -20 -13 -16 -19 -22 -28 -38 -34 -41 -34 -34 -29 -34 -36 -30 -23 -13 -8 -6 -4 7 9 13 17 16 15 14 10 3 -4 2 11 9 5 5 8 9 5 4 5 2 5 6 5 1 -3 -7 -6 -4 -8 -3 1 -6 6 11 12 12 9 4 11 19 20 19 26 23 25 20 24 30 26 23 25 36 41 44 41 46 52 55
-9 -10 -11 -11 -11 -11 -9 -10 -10 -10 -12 -14 -16 -18 -18 -19 -22 -24 -24 -22 -22 -22 -24 -22 -23 -28 -30 -25 -21 -21 -15 -7 -2 -3 4 13 15 18 17 7 3 3 7 13 10 5 1 7 9 10 9 8 2 7 10 7 5 3 2 2 0 0 3 8 10 14 13 17 18 14 11 11 19 27 27 33 32 27 16 24 26 21 16 24 36 44 45 46 44 49 54
-8 -9 -9 -9 -9 -7 -7 -8 -7 -7 -7 -9 -10 -12 -16 -18 -18 -22 -23 -23 -24 -24 -21 -20 -22 -25 -27 -25 -26 -26 -42 -34 -11 -4 2 7 11 16 19 19 14 10 14 16 11 7 0 2 7 10 12 10 9 11 12 8 9 10 9 6 8 9 13 15 16 18 19 18 18 19 19 15 16 26 36 39 37 28 21 23 20 11 15 38 43 48 48 46 48 54 -9999
-7 -8 -9 -8 -9 -4 -3 -3 -4 -4 -5 -7 -8 -10 -11 -13 -14 -18 -16 -19 -23 -22 -22 -21 -19 -21 -23 -23 -26 -32 -35 -39 -30 -16 -10 2 8 12 17 19 21 21 19 19 11 6 2 -0 1 5 11 13 13 14 15 12 13 13 8 6 10 14 17 19 21 22 22 21 19 15 15 18 22 30 41 43 32 28 27 33 35 34 43 47 47 52 51 51 52 -9999 -9999
-5 -5 -4 -3 -6 -3 -5 -5 -5 -4 -6 -7 -7 -8 -8 -12 -11 -13 -14 -16 -16 -18 -21 -20 -18 -19 -22 -22 -25 -27 -28 -24 -19 -10 -8 -3 8 13 10 8 14 19 21 23 19 14 14 11 5 2 5 7 5 10 13 15 16 12 11 12 14 15 18 19 21 23 22 19 17 16 19 27 30 31 32 45 32 36 45 52 52 50 45 47 49 54 57 -9999 -9999 -9999 -9999
-7 -8 -7 -6 -6 -7 -9 -8 -8 -11 -10 -12 -9 -8 -7 -7 -8 -12 -12 -12 -15 -17 -19 -18 -21 -23 -22 -21 -25 -23 -23 -21 -20 -7 -1 2 10 12 8 1 8 10 11 16 20 22 20 17 14 11 8 12 12 11 13 12 16 16 18 18 16 16 18 20 20 19 17 14 12 16 20 30 37 38 43 51 50 52 57 59 54 53 54 57 -9999 -9999 -9999 -9999 -9999 -9999 -9999
-7 -7 -7 -7 -6 -7 -11 -17 -18 -16 -9 -10 -12 -11 -13 -12 -12 -12 -12 -14 -15 -14 -15 -18 -22 -23 -17 -18 -19 -19 -16 -12 -14 -16 0 2 7 9 5 4 5 -0 3 9 14 19 24 22 17 13 13 14 14 16 17 15 13 23 20 17 16 15 15 15 17 16 18 22 19 20 19 24 35 47 52 54 58 59 58 61 59 61 -9999 -9999 -9999 -9999 -9999 -9999 -9999 -9999 -9999
-2 -3 -3 -4 -5 -4 -10 -15 -12 -10 -10 -11 -13 -16 -19 -20 -22 -22 -18 -17 -20 -20 -20 -19 -20 -17 -12 -14 -16 -15 -16 -6 -8 -2 -13 -15 -14 -3 1 -2 -0 -5 3 11 15 20 22 24 21 16 15 15 15 17 22 18 20 19 16 15 13 11 11 11 10 14 21 30 31 32 25 33 47 52 51 45 55 63 64 65 -9999 -9999 -9999 -9999 -9999 -9999 -9999 -9999 -9999 -9999 -9999
-1 -2 -3 -4 -4 -6 -7 -10 -8 -10 -15 -21 -26 -26 -28 -27 -27 -24 -21 -21 -20 -22 -23 -23 -20 -14 -11 -10 -9 -8 -10 -8 -6 -5 -12 -20 -20 -16 -9 -9 -8 -6 -0 7 12 16 20 22 25 25 26 25 27 27 24 19 19 21 20 24 23 17 9 8 6 4 20 42 44 44 43 51 55 54 58 51 58 67 67 -9999 -9999 -9999 -9999 -9999 -9999 -9999 -9999 -9999 -9999 -9999 -9999
