taller1/intro_R/datos/mapas/bio6.asc
ncols 660
nrows 456
xllcorner -12.000000
yllcorner 34.000000
cellsize 0.083333
NODATA_value -9999
[rows 246 to 286 of 456, columns 546 to 636 of 660]
-104 -104 -104 -104 -104 -105 -105 -107 -108 -108 -109 -110 -111 -111 -111 -109 -109 -111 -112 -112 -113 -114 -115 -115 -115 -115 -115 -116 -117 -118 -120 -120 -120 -119 -120 -120 -120 -119 -118 -119 -120 -120 -121 -121 -121 -120 -119 -118 -118 -118 -119 -119 -118 -120 -121 -120 -120 -121 -121 -120 -118 -121 -121 -120 -119 -119 -116 -117 -118 -118 -119 -119 -119 -120 -121 -122 -122 -123 -123 -124 -124 -124 -126 -125 -125 -126 -126 -128 -129 -128 -130
-101 -101 -102 -103 -104 -105 -106 -106 -105 -105 -105 -106 -106 -107 -107 -109 -108 -110 -111 -112 -112 -113 -113 -113 -114 -116 -116 -117 -117 -118 -118 -119 -119 -119 -121 -121 -120 -119 -119 -117 -117 -119 -119 -119 -120 -120 -119 -120 -120 -119 -118 -117 -118 -119 -118 -118 -119 -120 -120 -121 -120 -121 -120 -120 -120 -120 -118 -117 -118 -117 -117 -118 -119 -119 -120 -121 -121 -121 -122 -123 -123 -123 -124 -123 -124 -126 -126 -127 -128 -127 -128
-101 -101 -101 -102 -102 -104 -104 -104 -104 -104 -105 -106 -107 -107 -108 -107 -108 -109 -109 -109 -110 -110 -112 -114 -114 -115 -116 -117 -118 -118 -118 -119 -119 -119 -119 -119 -120 -119 -119 -118 -118 -118 -120 -120 -119 -120 -119 -119 -118 -117 -117 -117 -116 -117 -118 -119 -119 -119 -119 -119 -118 -120 -119 -118 -118 -118 -119 -116 -115 -117 -117 -117 -117 -119 -119 -119 -119 -120 -121 -121 -122 -123 -123 -122 -124 -125 -126 -127 -127 -127 -126
-101 -101 -102 -102 -102 -102 -103 -103 -103 -105 -106 -106 -107 -107 -108 -108 -108 -109 -110 -109 -109 -109 -111 -112 -112 -113 -114 -115 -115 -116 -116 -116 -116 -116 -116 -117 -119 -119 -119 -118 -119 -120 -120 -120 -120 -119 -119 -118 -119 -118 -118 -117 -115 -116 -118 -117 -118 -117 -119 -116 -117 -119 -118 -119 -117 -116 -117 -117 -116 -115 -116 -115 -116 -118 -119 -117 -118 -120 -120 -120 -119 -120 -121 -122 -123 -126 -127 -127 -127 -127 -127
-101 -101 -101 -102 -102 -103 -104 -104 -104 -104 -105 -105 -106 -107 -108 -108 -109 -110 -109 -110 -110 -108 -108 -109 -110 -111 -112 -112 -112 -113 -113 -114 -115 -116 -115 -116 -117 -118 -118 -119 -117 -118 -119 -119 -120 -120 -118 -117 -117 -117 -117 -117 -115 -116 -116 -116 -116 -115 -115 -114 -115 -116 -116 -115 -116 -116 -115 -115 -115 -114 -114 -115 -116 -116 -117 -116 -118 -119 -119 -118 -119 -121 -122 -122 -122 -124 -125 -126 -128 -127 -126
-100 -101 -101 -101 -102 -102 -103 -104 -104 -104 -103 -105 -106 -106 -106 -107 -108 -108 -108 -108 -107 -107 -110 -110 -110 -109 -110 -110 -111 -112 -114 -115 -115 -116 -116 -115 -115 -116 -117 -118 -118 -118 -118 -118 -118 -117 -118 -117 -116 -116 -115 -115 -114 -117 -116 -117 -116 -115 -117 -116 -115 -114 -114 -114 -113 -114 -114 -113 -113 -114 -115 -117 -117 -117 -115 -116 -118 -119 -117 -118 -120 -121 -121 -122 -122 -124 -126 -127 -129 -128 -127
-100 -101 -101 -101 -102 -102 -103 -103 -104 -104 -104 -104 -104 -105 -106 -105 -105 -106 -108 -108 -107 -109 -109 -110 -110 -109 -111 -111 -112 -111 -112 -114 -115 -115 -115 -116 -116 -116 -116 -115 -115 -116 -117 -116 -117 -116 -116 -115 -115 -115 -114 -113 -114 -116 -117 -117 -116 -116 -117 -117 -116 -116 -115 -116 -115 -116 -116 -115 -112 -114 -116 -115 -115 -115 -115 -116 -118 -118 -116 -117 -119 -120 -120 -121 -123 -125 -125 -126 -128 -128 -127
-99 -100 -100 -100 -101 -102 -101 -102 -103 -104 -104 -104 -105 -105 -105 -104 -104 -106 -107 -108 -108 -109 -109 -109 -109 -109 -111 -111 -111 -111 -111 -112 -113 -114 -114 -114 -113 -113 -115 -113 -114 -116 -114 -115 -115 -115 -116 -115 -115 -115 -114 -112 -114 -116 -116 -114 -114 -115 -115 -115 -115 -114 -115 -114 -116 -115 -113 -112 -113 -115 -117 -117 -118 -118 -117 -116 -116 -119 -120 -117 -119 -121 -122 -122 -122 -122 -124 -124 -126 -127 -127
-98 -97 -98 -99 -100 -101 -101 -102 -102 -103 -104 -105 -105 -105 -103 -102 -103 -105 -105 -106 -107 -107 -108 -109 -109 -109 -110 -110 -111 -111 -111 -112 -112 -112 -112 -113 -113 -112 -112 -113 -114 -114 -113 -114 -113 -115 -115 -113 -114 -112 -113 -113 -111 -114 -114 -115 -115 -113 -113 -112 -113 -114 -112 -112 -112 -111 -111 -113 -114 -115 -117 -117 -117 -116 -116 -115 -116 -119 -117 -119 -121 -123 -122 -121 -120 -121 -121 -123 -124 -125 -124
-96 -97 -98 -100 -100 -100 -101 -101 -101 -102 -103 -102 -103 -102 -102 -102 -104 -105 -106 -106 -107 -107 -108 -108 -107 -108 -108 -109 -109 -110 -110 -111 -110 -110 -111 -111 -112 -111 -111 -113 -112 -112 -113 -112 -113 -114 -114 -114 -114 -114 -114 -111 -112 -112 -114 -114 -114 -114 -113 -111 -112 -113 -114 -113 -110 -113 -112 -114 -114 -116 -117 -116 -116 -118 -117 -115 -115 -117 -116 -119 -121 -121 -120 -118 -121 -122 -123 -123 -123 -121 -122
-97 -98 -98 -98 -99 -100 -100 -100 -100 -101 -101 -100 -100 -101 -102 -104 -105 -103 -104 -105 -105 -105 -105 -107 -106 -105 -107 -108 -107 -107 -107 -108 -109 -110 -110 -110 -110 -109 -111 -110 -112 -111 -111 -112 -113 -112 -113 -113 -113 -114 -113 -110 -113 -113 -113 -112 -112 -111 -110 -111 -110 -110 -110 -110 -110 -113 -113 -115 -115 -115 -115 -117 -117 -116 -118 -117 -115 -114 -115 -119 -121 -119 -117 -119 -121 -122 -123 -122 -123 -121 -124
-96 -97 -97 -97 -98 -99 -99 -99 -100 -101 -99 -100 -100 -102 -103 -103 -102 -103 -104 -105 -104 -104 -104 -104 -104 -105 -105 -104 -104 -106 -107 -108 -109 -110 -110 -109 -110 -109 -108 -111 -109 -111 -110 -112 -112 -110 -111 -112 -113 -112 -112 -109 -111 -112 -111 -111 -111 -111 -112 -112 -112 -111 -112 -112 -112 -112 -114 -113 -112 -114 -115 -114 -117 -114 -116 -118 -117 -115 -115 -116 -118 -116 -118 -120 -121 -122 -122 -120 -122 -120 -122
-95 -96 -96 -97 -98 -97 -98 -99 -99 -99 -99 -100 -102 -102 -102 -103 -104 -102 -103 -103 -102 -101 -101 -102 -102 -102 -102 -104 -104 -106 -106 -107 -107 -109 -109 -109 -108 -108 -107 -109 -108 -109 -109 -109 -109 -111 -111 -112 -111 -112 -111 -109 -109 -112 -112 -112 -111 -110 -111 -111 -112 -111 -111 -111 -112 -112 -112 -112 -111 -113 -114 -114 -113 -114 -116 -117 -116 -117 -115 -114 -115 -117 -119 -119 -121 -122 -120 -118 -120 -119 -119
-95 -96 -95 -95 -97 -97 -96 -97 -97 -99 -100 -101 -100 -101 -102 -101 -100 -100 -99 -100 -100 -100 -100 -101 -101 -102 -103 -104 -104 -105 -104 -105 -105 -106 -107 -108 -108 -109 -109 -107 -107 -108 -109 -110 -109 -109 -109 -109 -110 -110 -111 -109 -108 -109 -111 -110 -110 -109 -110 -109 -110 -111 -110 -109 -109 -110 -111 -112 -111 -111 -114 -114 -113 -111 -114 -116 -117 -115 -114 -115 -115 -116 -118 -120 -121 -119 -120 -117 -119 -117 -116
-93 -94 -94 -95 -97 -95 -96 -96 -98 -99 -100 -98 -101 -101 -101 -100 -99 -99 -100 -100 -100 -100 -101 -101 -102 -102 -103 -104 -103 -102 -104 -104 -104 -106 -105 -107 -107 -108 -108 -108 -106 -106 -107 -107 -107 -109 -110 -111 -110 -110 -110 -109 -108 -107 -108 -109 -108 -107 -107 -109 -110 -110 -110 -109 -110 -109 -109 -109 -109 -109 -111 -113 -112 -111 -114 -116 -116 -114 -113 -115 -115 -117 -117 -118 -119 -117 -119 -117 -114 -114 -117
-93 -94 -94 -94 -94 -94 -95 -96 -98 -98 -97 -98 -99 -100 -100 -98 -99 -100 -100 -101 -101 -101 -101 -101 -102 -101 -101 -102 -102 -100 -102 -101 -103 -105 -104 -105 -106 -107 -107 -106 -105 -107 -108 -109 -109 -108 -109 -109 -109 -108 -109 -108 -108 -108 -106 -106 -107 -109 -109 -109 -109 -109 -110 -109 -109 -110 -110 -110 -111 -110 -110 -109 -109 -111 -113 -113 -115 -115 -113 -114 -115 -117 -116 -115 -115 -117 -117 -117 -113 -115 -118
-93 -94 -93 -93 -95 -94 -94 -95 -96 -96 -97 -98 -99 -100 -98 -97 -98 -99 -100 -101 -100 -99 -99 -99 -99 -100 -101 -100 -99 -98 -100 -99 -102 -104 -103 -104 -106 -106 -106 -104 -104 -106 -107 -108 -108 -109 -109 -109 -108 -107 -107 -106 -106 -106 -104 -105 -106 -107 -107 -108 -109 -109 -108 -108 -108 -108 -110 -110 -111 -110 -110 -110 -110 -110 -110 -110 -110 -111 -111 -113 -114 -114 -114 -115 -114 -115 -116 -116 -113 -114 -116
-91 -91 -91 -92 -93 -93 -94 -96 -97 -97 -98 -98 -99 -99 -97 -97 -98 -98 -98 -98 -97 -98 -98 -99 -99 -99 -100 -99 -98 -96 -98 -98 -100 -102 -103 -105 -106 -105 -105 -104 -103 -104 -105 -106 -106 -107 -107 -107 -107 -106 -106 -106 -106 -104 -103 -105 -106 -106 -107 -107 -108 -107 -106 -108 -106 -107 -109 -108 -110 -111 -110 -111 -111 -111 -113 -112 -111 -113 -114 -116 -116 -116 -116 -118 -116 -114 -114 -112 -111 -112 -114
-89 -90 -91 -92 -92 -92 -95 -96 -97 -97 -98 -99 -100 -98 -96 -96 -97 -96 -96 -97 -98 -98 -98 -98 -99 -98 -98 -99 -98 -97 -96 -96 -98 -102 -104 -104 -104 -105 -105 -104 -104 -102 -104 -104 -105 -106 -106 -105 -105 -105 -104 -104 -103 -103 -105 -106 -104 -106 -107 -107 -107 -107 -105 -105 -105 -105 -106 -108 -109 -109 -109 -109 -111 -111 -112 -111 -112 -114 -114 -114 -114 -114 -115 -115 -115 -113 -112 -112 -110 -113 -115
-89 -90 -91 -91 -91 -92 -95 -95 -96 -96 -97 -98 -98 -97 -95 -96 -97 -97 -97 -97 -98 -98 -97 -98 -98 -97 -97 -97 -97 -97 -96 -98 -99 -100 -101 -102 -102 -102 -102 -102 -102 -101 -101 -103 -104 -104 -105 -104 -103 -103 -102 -102 -104 -104 -105 -106 -105 -105 -105 -106 -105 -105 -104 -104 -104 -104 -107 -107 -107 -107 -107 -108 -109 -109 -112 -111 -111 -112 -111 -111 -111 -112 -114 -113 -112 -113 -115 -114 -111 -110 -112
-89 -90 -90 -90 -92 -93 -94 -94 -95 -95 -96 -97 -98 -95 -95 -96 -97 -97 -97 -97 -96 -96 -96 -97 -98 -97 -95 -95 -95 -94 -94 -97 -99 -100 -100 -101 -101 -100 -100 -101 -100 -101 -101 -102 -103 -102 -104 -104 -103 -102 -101 -102 -103 -105 -104 -105 -104 -105 -105 -104 -105 -105 -104 -105 -104 -102 -105 -106 -104 -105 -107 -107 -108 -110 -111 -110 -109 -109 -111 -112 -113 -114 -113 -112 -112 -114 -114 -112 -109 -111 -113
-89 -90 -90 -89 -90 -92 -93 -93 -93 -95 -96 -96 -97 -94 -94 -95 -95 -95 -95 -94 -94 -95 -96 -96 -95 -96 -96 -96 -95 -95 -96 -97 -96 -97 -98 -99 -98 -99 -100 -100 -101 -102 -102 -101 -102 -102 -103 -102 -102 -100 -100 -102 -103 -104 -102 -104 -102 -103 -103 -102 -104 -104 -103 -104 -104 -103 -102 -103 -104 -106 -108 -108 -109 -110 -109 -109 -109 -112 -113 -113 -112 -111 -111 -110 -112 -113 -111 -111 -111 -113 -114
-89 -89 -90 -89 -89 -91 -92 -91 -92 -94 -94 -96 -97 -93 -93 -93 -93 -93 -94 -94 -94 -94 -94 -94 -94 -95 -96 -96 -95 -97 -97 -98 -98 -99 -96 -97 -97 -98 -99 -99 -100 -100 -100 -101 -102 -102 -102 -101 -100 -99 -99 -102 -102 -102 -102 -101 -100 -101 -101 -102 -103 -103 -101 -103 -103 -103 -101 -102 -104 -105 -105 -106 -108 -109 -109 -109 -110 -111 -112 -113 -113 -112 -112 -111 -112 -112 -110 -110 -109 -111 -113
-86 -88 -89 -88 -88 -90 -90 -91 -92 -92 -95 -95 -95 -93 -93 -93 -94 -93 -94 -94 -92 -93 -94 -94 -94 -93 -94 -95 -94 -94 -95 -97 -97 -97 -96 -96 -96 -96 -97 -97 -98 -98 -99 -99 -100 -100 -101 -100 -100 -99 -98 -100 -101 -102 -100 -99 -99 -102 -102 -102 -102 -101 -99 -102 -101 -102 -101 -100 -101 -102 -105 -107 -106 -107 -107 -108 -109 -109 -111 -111 -111 -110 -111 -112 -111 -111 -109 -107 -107 -108 -110
-87 -87 -87 -87 -87 -88 -90 -91 -91 -91 -93 -93 -92 -91 -91 -92 -92 -92 -92 -92 -91 -92 -93 -93 -92 -92 -92 -92 -93 -95 -96 -96 -96 -97 -97 -98 -98 -97 -96 -95 -95 -96 -98 -99 -100 -100 -100 -101 -99 -98 -98 -100 -101 -101 -101 -98 -99 -100 -101 -101 -102 -101 -100 -98 -101 -98 -98 -100 -102 -103 -105 -105 -105 -103 -105 -106 -106 -107 -108 -109 -109 -107 -110 -108 -110 -108 -109 -109 -108 -109 -109
-86 -87 -86 -86 -86 -88 -89 -90 -90 -90 -90 -90 -90 -90 -91 -91 -91 -91 -92 -90 -91 -91 -92 -91 -90 -91 -92 -93 -94 -93 -93 -95 -95 -95 -96 -95 -97 -98 -97 -96 -96 -96 -96 -96 -99 -98 -99 -100 -96 -96 -98 -99 -101 -99 -100 -98 -98 -100 -101 -99 -99 -100 -100 -98 -98 -97 -99 -100 -102 -103 -102 -103 -103 -101 -104 -105 -104 -105 -105 -106 -106 -105 -108 -106 -107 -106 -107 -106 -106 -109 -110
-85 -84 -85 -85 -86 -87 -88 -88 -89 -88 -88 -89 -89 -90 -90 -90 -90 -90 -91 -88 -90 -91 -89 -90 -91 -91 -91 -92 -92 -93 -92 -93 -94 -95 -94 -94 -95 -96 -97 -97 -96 -94 -94 -95 -97 -96 -97 -97 -96 -95 -98 -99 -100 -99 -98 -98 -96 -99 -99 -99 -97 -99 -99 -99 -96 -96 -98 -100 -102 -102 -101 -100 -100 -100 -102 -103 -101 -103 -104 -105 -106 -104 -104 -105 -104 -104 -104 -103 -106 -108 -108
-83 -83 -84 -85 -86 -87 -87 -87 -87 -87 -87 -87 -88 -88 -89 -88 -88 -88 -88 -87 -88 -87 -88 -89 -89 -90 -90 -90 -90 -91 -91 -92 -93 -93 -93 -93 -93 -94 -95 -95 -94 -92 -94 -95 -95 -93 -96 -96 -94 -96 -98 -98 -98 -97 -98 -98 -95 -97 -99 -97 -96 -96 -98 -99 -96 -95 -98 -100 -101 -100 -102 -101 -99 -98 -100 -101 -99 -102 -103 -104 -105 -104 -103 -101 -101 -102 -101 -103 -105 -107 -105
-83 -83 -83 -85 -86 -86 -87 -87 -85 -85 -86 -86 -86 -86 -86 -86 -86 -86 -86 -86 -85 -86 -88 -88 -89 -88 -88 -89 -90 -90 -89 -91 -91 -91 -91 -91 -92 -92 -92 -92 -91 -92 -94 -95 -95 -94 -94 -93 -95 -97 -96 -97 -97 -95 -97 -96 -94 -96 -98 -98 -96 -95 -97 -98 -95 -95 -97 -99 -97 -98 -100 -101 -98 -96 -99 -100 -98 -100 -100 -103 -102 -104 -102 -102 -102 -100 -100 -101 -103 -105 -103
-82 -82 -83 -83 -84 -85 -86 -86 -84 -84 -85 -84 -84 -84 -85 -85 -85 -86 -86 -86 -86 -85 -85 -86 -86 -86 -88 -88 -89 -88 -88 -88 -89 -91 -91 -90 -90 -91 -91 -91 -92 -93 -93 -94 -96 -96 -97 -94 -93 -93 -93 -95 -95 -94 -96 -95 -94 -94 -94 -96 -94 -95 -96 -97 -95 -93 -96 -97 -95 -98 -99 -99 -99 -96 -96 -98 -97 -98 -100 -101 -100 -102 -103 -103 -102 -100 -98 -101 -103 -102 -101
-84 -82 -82 -83 -83 -84 -84 -84 -83 -83 -83 -83 -83 -83 -84 -85 -85 -85 -85 -85 -86 -86 -85 -85 -85 -84 -85 -86 -86 -86 -87 -88 -90 -90 -89 -90 -91 -92 -92 -92 -92 -93 -94 -94 -94 -96 -96 -95 -96 -92 -92 -93 -93 -92 -92 -93 -93 -95 -95 -92 -93 -94 -96 -97 -97 -94 -93 -95 -95 -96 -96 -97 -98 -98 -96 -95 -96 -96 -97 -98 -98 -99 -100 -101 -100 -97 -97 -99 -101 -99 -102
-84 -83 -84 -84 -83 -83 -83 -82 -82 -82 -82 -82 -82 -83 -83 -83 -83 -83 -83 -84 -85 -85 -86 -86 -85 -85 -86 -86 -86 -87 -87 -87 -88 -89 -89 -89 -90 -91 -91 -91 -91 -90 -91 -91 -90 -92 -93 -94 -92 -91 -91 -92 -93 -93 -93 -93 -95 -96 -95 -94 -91 -93 -94 -96 -96 -96 -92 -94 -93 -93 -95 -95 -96 -98 -97 -95 -94 -96 -95 -96 -97 -98 -98 -99 -100 -99 -96 -97 -98 -98 -101
-85 -84 -84 -85 -84 -82 -82 -81 -81 -81 -80 -80 -80 -81 -82 -82 -82 -82 -82 -82 -83 -83 -82 -83 -84 -85 -85 -84 -85 -85 -84 -86 -87 -87 -87 -89 -89 -89 -91 -91 -91 -90 -92 -90 -91 -91 -91 -91 -91 -91 -93 -96 -95 -95 -92 -93 -95 -96 -96 -97 -94 -91 -91 -92 -92 -92 -93 -91 -92 -90 -91 -93 -95 -96 -94 -92 -94 -96 -96 -96 -97 -97 -95 -98 -98 -99 -97 -96 -96 -97 -100
-85 -84 -84 -84 -83 -81 -84 -83 -81 -80 -79 -79 -79 -79 -79 -80 -81 -81 -80 -81 -81 -79 -79 -79 -80 -82 -82 -83 -82 -82 -83 -84 -86 -84 -86 -87 -88 -87 -87 -88 -88 -89 -90 -91 -91 -91 -91 -90 -89 -92 -93 -95 -94 -93 -91 -93 -95 -97 -98 -97 -96 -94 -93 -94 -93 -90 -91 -90 -90 -93 -90 -91 -92 -94 -91 -92 -93 -94 -94 -94 -96 -95 -94 -96 -97 -96 -97 -96 -95 -97 -98
-85 -84 -83 -82 -82 -83 -83 -82 -82 -80 -80 -78 -78 -78 -78 -78 -78 -79 -79 -78 -77 -77 -77 -78 -78 -78 -78 -79 -80 -81 -83 -84 -83 -83 -85 -86 -84 -85 -86 -87 -88 -89 -90 -90 -91 -92 -91 -90 -88 -92 -93 -95 -94 -91 -92 -92 -93 -95 -97 -96 -94 -94 -94 -92 -92 -92 -91 -91 -92 -92 -90 -89 -88 -89 -89 -90 -91 -91 -92 -93 -95 -92 -93 -95 -94 -94 -96 -97 -97 -94 -95
-83 -84 -83 -83 -83 -83 -82 -82 -81 -82 -81 -80 -78 -77 -76 -76 -76 -76 -76 -76 -76 -76 -77 -78 -78 -78 -78 -78 -78 -78 -80 -81 -81 -83 -84 -83 -84 -85 -86 -87 -88 -88 -89 -90 -90 -89 -87 -88 -90 -89 -90 -92 -94 -93 -91 -94 -94 -94 -93 -93 -93 -96 -94 -93 -93 -92 -91 -89 -90 -89 -92 -91 -90 -92 -92 -92 -88 -90 -92 -93 -93 -91 -92 -94 -93 -94 -95 -96 -97 -95 -93
-82 -83 -82 -81 -81 -81 -82 -82 -82 -81 -80 -79 -80 -80 -79 -78 -78 -78 -76 -75 -77 -77 -77 -78 -79 -79 -79 -79 -77 -78 -78 -79 -81 -82 -81 -81 -82 -83 -85 -86 -86 -86 -87 -88 -89 -89 -87 -89 -90 -90 -89 -88 -91 -93 -91 -93 -93 -93 -97 -96 -98 -96 -96 -96 -92 -93 -92 -92 -92 -89 -93 -91 -90 -93 -91 -90 -88 -88 -91 -92 -92 -89 -91 -92 -91 -92 -93 -95 -95 -92 -92
-80 -82 -81 -80 -79 -80 -80 -80 -79 -80 -79 -77 -78 -77 -77 -78 -78 -76 -76 -75 -76 -77 -77 -78 -79 -79 -78 -77 -77 -76 -79 -79 -78 -79 -80 -81 -82 -82 -82 -83 -83 -85 -86 -87 -88 -87 -88 -90 -89 -89 -88 -88 -91 -93 -94 -94 -94 -94 -97 -100 -98 -96 -95 -94 -96 -93 -93 -91 -91 -91 -92 -91 -90 -93 -92 -92 -89 -87 -87 -88 -87 -88 -91 -91 -89 -90 -92 -93 -90 -91 -93
-80 -81 -80 -80 -78 -80 -80 -78 -77 -78 -79 -78 -76 -75 -74 -75 -75 -75 -74 -74 -73 -74 -76 -77 -77 -77 -76 -77 -77 -76 -78 -79 -79 -79 -80 -81 -82 -82 -83 -84 -83 -84 -86 -87 -88 -87 -86 -88 -90 -90 -89 -90 -88 -90 -93 -95 -95 -95 -97 -97 -99 -97 -98 -98 -98 -96 -95 -96 -95 -95 -93 -92 -91 -90 -89 -88 -89 -88 -89 -88 -89 -88 -88 -89 -87 -90 -90 -91 -90 -92 -93
-79 -79 -78 -78 -79 -80 -79 -77 -77 -77 -78 -76 -76 -75 -73 -73 -74 -75 -74 -74 -71 -73 -73 -75 -76 -76 -76 -77 -76 -75 -76 -78 -79 -79 -79 -81 -81 -82 -82 -83 -82 -83 -84 -84 -85 -87 -88 -88 -88 -89 -89 -88 -88 -90 -90 -89 -90 -92 -94 -96 -96 -93 -95 -92 -96 -97 -96 -96 -94 -92 -91 -91 -90 -90 -91 -90 -90 -88 -92 -90 -93 -91 -91 -90 -90 -89 -89 -88 -88 -91 -92
-77 -76 -77 -78 -78 -78 -77 -75 -75 -76 -77 -76 -75 -73 -73 -73 -73 -73 -71 -71 -70 -71 -71 -73 -76 -75 -76 -76 -76 -74 -74 -76 -78 -79 -80 -81 -79 -79 -80 -80 -81 -82 -83 -84 -85 -85 -86 -85 -86 -87 -88 -89 -90 -90 -92 -89 -88 -91 -91 -92 -94 -94 -91 -90 -90 -93 -91 -94 -95 -95 -96 -94 -92 -92 -94 -93 -91 -90 -93 -92 -91 -91 -89 -89 -89 -88 -88 -86 -89 -91 -89
