taller1/intro_R/datos/mapas/bio6.asc
ncols 660
nrows 456
xllcorner -12.000000
yllcorner 34.000000
cellsize 0.083333
NODATA_value -9999
[rows 246 to 286 of 456, columns 364 to 454 of 660]
-58 -58 -59 -60 -60 -61 -61 -62 -64 -65 -67 -68 -70 -71 -73 -74 -75 -76 -77 -77 -78 -78 -78 -78 -78 -77 -77 -77 -76 -76 -75 -75 -75 -75 -75 -76 -76 -77 -78 -78 -78 -79 -79 -80 -82 -84 -85 -85 -84 -84 -83 -81 -81 -80 -78 -77 -77 -77 -77 -78 -79 -80 -80 -80 -80 -79 -79 -79 -79 -79 -79 -79 -79 -78 -78 -78 -78 -79 -79 -80 -80 -80 -80 -80 -80 -81 -81 -82 -82 -83 -83
-57 -58 -58 -58 -59 -59 -60 -61 -62 -63 -65 -67 -69 -71 -72 -73 -74 -76 -77 -78 -79 -79 -79 -79 -80 -81 -82 -80 -78 -77 -77 -77 -77 -77 -76 -76 -77 -77 -77 -78 -79 -79 -80 -80 -83 -84 -85 -86 -86 -86 -85 -84 -82 -80 -79 -79 -78 -78 -78 -78 -79 -80 -80 -80 -80 -79 -79 -79 -79 -80 -79 -78 -78 -78 -78 -78 -78 -78 -78 -78 -79 -79 -79 -80 -80 -81 -82 -82 -83 -83 -83
-56 -57 -57 -57 -58 -58 -59 -60 -61 -62 -63 -65 -67 -70 -71 -72 -74 -76 -77 -78 -78 -79 -79 -80 -80 -82 -83 -83 -81 -79 -79 -78 -79 -78 -77 -77 -76 -76 -77 -77 -77 -78 -78 -82 -83 -84 -86 -87 -88 -88 -86 -84 -83 -82 -80 -79 -79 -79 -79 -80 -80 -80 -81 -80 -79 -79 -79 -79 -79 -79 -78 -78 -78 -78 -78 -77 -77 -78 -78 -78 -79 -79 -79 -79 -80 -81 -82 -82 -83 -83 -83
-56 -56 -56 -57 -57 -57 -58 -59 -60 -61 -63 -63 -66 -69 -70 -71 -74 -75 -76 -78 -78 -79 -80 -81 -82 -83 -85 -86 -87 -83 -82 -80 -79 -78 -78 -77 -77 -76 -77 -76 -76 -76 -77 -79 -82 -84 -86 -87 -89 -88 -86 -85 -84 -82 -81 -80 -79 -79 -80 -80 -80 -79 -79 -79 -79 -78 -78 -78 -78 -78 -78 -77 -78 -78 -77 -77 -77 -77 -78 -78 -78 -78 -78 -79 -80 -81 -81 -81 -81 -82 -82
-55 -56 -57 -56 -56 -57 -57 -59 -60 -61 -62 -64 -65 -67 -69 -71 -73 -75 -76 -77 -79 -80 -80 -81 -83 -84 -85 -86 -86 -86 -83 -82 -81 -79 -78 -78 -77 -76 -76 -76 -76 -75 -78 -79 -81 -83 -86 -87 -87 -87 -86 -86 -85 -83 -82 -81 -80 -80 -80 -81 -81 -79 -79 -78 -78 -78 -77 -77 -77 -77 -77 -77 -77 -77 -77 -76 -77 -77 -77 -78 -78 -78 -79 -79 -79 -80 -80 -81 -81 -82 -82
-55 -55 -56 -56 -57 -57 -56 -57 -57 -58 -60 -62 -64 -66 -69 -71 -73 -74 -75 -78 -78 -80 -81 -82 -84 -85 -87 -87 -89 -87 -86 -85 -82 -81 -79 -78 -77 -76 -75 -75 -75 -74 -77 -79 -81 -83 -85 -86 -87 -86 -86 -87 -86 -84 -83 -83 -82 -80 -80 -81 -80 -81 -79 -78 -78 -77 -77 -77 -77 -76 -76 -76 -76 -76 -76 -77 -77 -77 -77 -77 -77 -78 -78 -78 -79 -79 -80 -80 -81 -82 -82
-55 -56 -56 -56 -55 -56 -56 -56 -56 -57 -59 -61 -63 -65 -68 -70 -71 -72 -74 -76 -77 -79 -81 -83 -84 -86 -87 -89 -90 -90 -88 -86 -84 -82 -80 -77 -76 -75 -74 -74 -74 -74 -76 -79 -80 -82 -84 -85 -86 -86 -86 -87 -86 -85 -84 -83 -83 -81 -80 -80 -80 -79 -80 -79 -78 -77 -77 -76 -76 -76 -75 -75 -76 -76 -76 -77 -77 -76 -76 -77 -77 -77 -78 -78 -78 -79 -80 -81 -81 -82 -82
-55 -56 -56 -56 -56 -57 -57 -56 -56 -57 -59 -61 -62 -65 -67 -69 -70 -71 -74 -76 -78 -80 -81 -81 -83 -85 -86 -88 -89 -89 -89 -88 -86 -83 -82 -80 -77 -75 -73 -73 -73 -73 -74 -77 -80 -82 -84 -85 -86 -87 -86 -85 -84 -84 -83 -83 -82 -80 -81 -80 -80 -81 -80 -79 -77 -77 -76 -76 -75 -74 -75 -75 -75 -76 -76 -76 -76 -76 -76 -77 -77 -77 -78 -78 -78 -79 -80 -81 -81 -82 -82
-55 -56 -56 -56 -56 -57 -57 -57 -56 -56 -59 -62 -64 -65 -66 -68 -70 -71 -74 -76 -77 -78 -80 -81 -82 -84 -85 -87 -88 -87 -87 -87 -86 -85 -84 -81 -78 -76 -73 -72 -72 -72 -72 -75 -79 -80 -82 -84 -85 -86 -86 -86 -85 -82 -81 -81 -80 -80 -80 -80 -80 -79 -78 -78 -76 -75 -75 -74 -74 -74 -74 -75 -74 -75 -75 -76 -76 -77 -77 -77 -77 -77 -78 -77 -78 -79 -80 -81 -81 -81 -82
-53 -54 -56 -56 -57 -57 -58 -59 -58 -58 -60 -64 -66 -66 -67 -69 -70 -72 -73 -75 -76 -77 -79 -80 -82 -83 -85 -86 -87 -87 -85 -84 -83 -82 -82 -80 -78 -76 -74 -72 -70 -71 -72 -75 -77 -79 -81 -82 -83 -84 -84 -84 -84 -83 -82 -81 -80 -80 -79 -78 -78 -77 -76 -75 -74 -74 -73 -73 -72 -73 -73 -74 -73 -74 -74 -74 -75 -76 -76 -76 -77 -77 -77 -77 -77 -79 -80 -81 -81 -82 -82
-53 -54 -55 -56 -57 -58 -59 -60 -60 -61 -62 -64 -67 -69 -70 -70 -70 -71 -73 -76 -77 -77 -79 -80 -81 -81 -82 -85 -85 -85 -84 -84 -81 -80 -79 -78 -77 -74 -73 -71 -71 -72 -73 -75 -77 -79 -80 -81 -81 -82 -82 -82 -81 -81 -82 -80 -81 -80 -80 -79 -78 -77 -75 -74 -73 -73 -73 -72 -72 -71 -71 -72 -72 -72 -73 -74 -74 -75 -76 -75 -76 -76 -77 -77 -77 -78 -79 -81 -81 -82 -82
-54 -55 -56 -57 -57 -59 -60 -61 -61 -63 -64 -65 -66 -70 -70 -71 -72 -72 -73 -74 -76 -77 -78 -79 -79 -80 -81 -82 -83 -81 -81 -80 -80 -78 -77 -77 -75 -74 -73 -72 -73 -74 -75 -77 -79 -79 -80 -81 -81 -81 -81 -80 -79 -79 -79 -79 -80 -80 -80 -78 -78 -77 -74 -73 -72 -72 -72 -72 -71 -71 -71 -71 -72 -73 -73 -73 -73 -74 -74 -75 -76 -77 -77 -76 -76 -78 -79 -79 -81 -82 -82
-56 -56 -57 -58 -59 -60 -62 -62 -63 -64 -64 -66 -67 -69 -72 -73 -74 -73 -73 -76 -77 -77 -79 -79 -80 -80 -79 -81 -81 -82 -81 -79 -78 -77 -76 -76 -75 -74 -73 -74 -75 -76 -78 -79 -80 -81 -81 -80 -81 -80 -80 -79 -78 -77 -77 -76 -76 -77 -78 -78 -77 -75 -74 -72 -71 -70 -70 -71 -71 -71 -70 -70 -71 -71 -72 -73 -73 -73 -73 -74 -75 -75 -75 -76 -77 -78 -79 -79 -79 -80 -82
-54 -55 -56 -58 -59 -62 -63 -63 -64 -65 -65 -67 -68 -69 -71 -72 -73 -76 -75 -75 -76 -77 -78 -77 -79 -80 -80 -78 -78 -78 -78 -78 -77 -76 -75 -75 -75 -75 -75 -76 -78 -79 -80 -81 -82 -82 -82 -82 -81 -80 -80 -79 -78 -77 -76 -74 -74 -74 -75 -75 -75 -74 -72 -71 -69 -69 -68 -68 -68 -68 -68 -68 -69 -70 -71 -72 -72 -73 -73 -74 -74 -74 -75 -77 -77 -79 -80 -80 -79 -80 -84
-54 -56 -58 -59 -59 -61 -63 -65 -65 -65 -66 -66 -67 -68 -71 -73 -75 -76 -75 -74 -74 -76 -76 -78 -77 -77 -78 -78 -77 -77 -76 -76 -76 -75 -75 -76 -76 -76 -78 -80 -81 -81 -83 -84 -85 -86 -84 -83 -81 -79 -78 -77 -76 -76 -75 -73 -72 -72 -72 -74 -74 -73 -71 -69 -68 -67 -67 -66 -67 -67 -67 -67 -68 -69 -70 -71 -71 -72 -72 -73 -73 -74 -74 -75 -76 -78 -78 -78 -78 -79 -81
-55 -57 -59 -60 -61 -63 -65 -66 -67 -66 -66 -67 -68 -70 -73 -74 -75 -76 -75 -74 -74 -74 -75 -75 -76 -77 -77 -77 -76 -76 -75 -76 -76 -76 -76 -77 -78 -78 -79 -81 -83 -84 -86 -87 -89 -88 -86 -85 -83 -80 -77 -76 -74 -74 -73 -72 -71 -70 -70 -70 -71 -72 -70 -68 -66 -66 -65 -65 -66 -66 -66 -67 -67 -68 -69 -70 -70 -71 -71 -72 -72 -74 -74 -75 -76 -77 -78 -78 -78 -80 -82
-57 -58 -59 -61 -63 -64 -66 -66 -66 -67 -66 -67 -68 -69 -70 -70 -70 -70 -70 -71 -72 -74 -74 -75 -75 -75 -76 -76 -76 -75 -75 -75 -76 -77 -78 -78 -78 -79 -80 -82 -83 -85 -87 -89 -90 -89 -87 -85 -82 -79 -77 -74 -72 -71 -70 -70 -69 -68 -68 -68 -68 -70 -71 -68 -66 -65 -64 -64 -64 -64 -65 -66 -66 -67 -68 -69 -69 -70 -71 -72 -73 -73 -74 -75 -76 -77 -78 -79 -80 -82 -84
-58 -60 -61 -62 -63 -64 -66 -66 -67 -66 -67 -67 -67 -67 -68 -69 -68 -67 -68 -69 -70 -71 -72 -73 -75 -75 -76 -76 -76 -76 -75 -75 -76 -77 -78 -78 -79 -82 -83 -85 -86 -87 -89 -89 -90 -91 -89 -86 -83 -79 -77 -74 -71 -69 -68 -68 -68 -67 -68 -67 -66 -67 -69 -69 -67 -66 -66 -64 -64 -64 -65 -65 -66 -67 -67 -68 -69 -70 -70 -71 -73 -74 -75 -76 -78 -79 -79 -79 -81 -82 -82
-57 -59 -60 -62 -64 -65 -66 -66 -67 -68 -68 -69 -68 -68 -69 -68 -68 -68 -71 -73 -75 -75 -75 -74 -77 -78 -78 -79 -78 -77 -77 -77 -79 -80 -80 -79 -83 -85 -85 -87 -89 -90 -90 -90 -91 -92 -92 -90 -85 -80 -77 -74 -71 -68 -66 -66 -65 -65 -65 -65 -65 -65 -65 -67 -67 -66 -66 -64 -63 -63 -64 -65 -65 -66 -67 -67 -69 -70 -72 -74 -75 -77 -79 -79 -80 -80 -80 -80 -82 -82 -82
-57 -59 -61 -63 -64 -65 -67 -68 -70 -71 -70 -71 -72 -71 -71 -73 -72 -71 -73 -73 -74 -75 -75 -76 -78 -80 -81 -80 -79 -79 -80 -80 -79 -81 -82 -81 -81 -84 -88 -87 -87 -89 -92 -94 -94 -93 -92 -90 -89 -85 -80 -77 -71 -67 -65 -64 -64 -64 -65 -65 -65 -64 -64 -65 -65 -63 -63 -63 -63 -62 -63 -64 -64 -65 -66 -67 -69 -69 -71 -74 -77 -78 -78 -79 -80 -81 -81 -81 -82 -82 -82
-59 -61 -63 -64 -66 -68 -72 -76 -75 -80 -78 -81 -82 -81 -76 -75 -78 -81 -81 -79 -83 -80 -79 -81 -83 -84 -84 -82 -81 -83 -82 -80 -81 -82 -82 -82 -82 -83 -85 -86 -88 -92 -92 -93 -96 -95 -91 -91 -87 -83 -80 -76 -71 -66 -64 -64 -65 -64 -64 -63 -64 -64 -63 -63 -63 -62 -62 -62 -64 -64 -63 -64 -65 -65 -66 -69 -70 -73 -73 -74 -77 -78 -78 -79 -79 -80 -81 -82 -82 -83 -83
-62 -63 -66 -66 -69 -75 -78 -84 -84 -76 -75 -78 -82 -81 -81 -79 -80 -84 -82 -81 -83 -85 -87 -87 -85 -88 -87 -83 -84 -86 -84 -81 -82 -81 -81 -82 -81 -82 -84 -86 -87 -89 -92 -92 -93 -95 -93 -95 -93 -87 -86 -80 -76 -67 -66 -66 -66 -65 -65 -65 -64 -63 -64 -63 -62 -62 -61 -63 -64 -65 -64 -65 -68 -69 -69 -72 -73 -75 -75 -76 -77 -77 -78 -79 -79 -79 -80 -81 -82 -82 -83
-64 -70 -75 -78 -71 -80 -81 -87 -89 -78 -81 -81 -83 -92 -89 -92 -86 -82 -82 -85 -84 -86 -91 -92 -91 -89 -86 -84 -83 -86 -86 -83 -86 -84 -83 -87 -87 -84 -85 -88 -88 -89 -90 -91 -93 -94 -96 -93 -96 -94 -88 -86 -78 -70 -68 -68 -68 -67 -66 -65 -65 -64 -64 -63 -62 -62 -61 -62 -65 -66 -65 -67 -69 -69 -69 -70 -73 -73 -75 -75 -76 -77 -78 -79 -79 -79 -79 -81 -81 -81 -83
-72 -81 -82 -84 -80 -77 -80 -84 -82 -83 -91 -96 -90 -90 -94 -88 -87 -88 -86 -88 -92 -97 -96 -91 -86 -86 -84 -83 -87 -87 -89 -87 -85 -86 -89 -90 -92 -89 -89 -92 -91 -95 -95 -93 -94 -94 -95 -97 -97 -96 -93 -90 -84 -77 -74 -70 -69 -68 -66 -65 -64 -64 -63 -62 -62 -62 -62 -62 -65 -67 -66 -66 -67 -69 -69 -70 -73 -73 -73 -74 -76 -77 -77 -78 -78 -79 -79 -80 -80 -80 -81
-80 -78 -80 -81 -77 -76 -81 -87 -86 -87 -91 -90 -90 -87 -86 -85 -85 -86 -86 -86 -87 -87 -88 -90 -91 -90 -95 -93 -88 -93 -94 -91 -89 -90 -89 -90 -90 -91 -92 -93 -92 -95 -97 -99 -98 -99 -98 -97 -95 -94 -94 -89 -86 -85 -83 -76 -71 -69 -68 -67 -65 -65 -64 -63 -62 -62 -62 -62 -63 -64 -64 -64 -66 -67 -69 -71 -72 -73 -74 -73 -76 -77 -77 -77 -78 -79 -79 -79 -79 -81 -81
-81 -81 -79 -78 -81 -79 -79 -86 -88 -91 -92 -89 -88 -89 -85 -85 -88 -89 -89 -91 -91 -91 -92 -89 -88 -90 -93 -93 -90 -88 -88 -88 -89 -86 -88 -85 -85 -85 -87 -87 -91 -96 -97 -99 -99 -99 -100 -98 -98 -94 -93 -91 -90 -88 -84 -79 -79 -77 -72 -70 -67 -66 -64 -64 -64 -63 -63 -63 -63 -63 -64 -65 -66 -66 -68 -68 -70 -72 -75 -73 -76 -77 -78 -78 -78 -78 -78 -79 -79 -80 -81
-81 -79 -75 -75 -76 -75 -81 -84 -85 -89 -93 -93 -88 -87 -88 -91 -96 -95 -96 -95 -97 -96 -98 -97 -95 -93 -91 -89 -88 -87 -87 -91 -87 -85 -82 -81 -82 -82 -83 -83 -86 -89 -91 -95 -98 -99 -102 -100 -98 -94 -92 -92 -91 -88 -83 -81 -82 -83 -80 -77 -73 -69 -67 -66 -65 -64 -64 -64 -64 -64 -64 -65 -67 -66 -68 -68 -69 -71 -74 -74 -75 -77 -77 -78 -77 -78 -79 -79 -79 -80 -81
-70 -69 -68 -72 -71 -73 -77 -88 -95 -92 -85 -83 -86 -90 -94 -99 -109 -108 -108 -107 -111 -109 -112 -99 -92 -89 -92 -98 -95 -91 -86 -89 -91 -93 -88 -82 -81 -78 -79 -79 -82 -86 -86 -91 -94 -97 -100 -100 -99 -98 -96 -93 -89 -88 -85 -87 -84 -83 -82 -78 -80 -81 -75 -69 -66 -65 -65 -66 -65 -65 -66 -66 -67 -67 -67 -67 -68 -70 -72 -74 -74 -76 -77 -78 -78 -79 -79 -79 -78 -80 -80
-66 -67 -74 -76 -76 -88 -84 -82 -80 -85 -86 -88 -89 -86 -85 -88 -94 -96 -96 -98 -104 -104 -98 -93 -91 -91 -94 -98 -94 -91 -86 -85 -81 -84 -84 -79 -80 -77 -78 -77 -81 -82 -83 -82 -87 -89 -93 -95 -98 -99 -101 -97 -95 -92 -88 -85 -83 -87 -88 -85 -82 -76 -74 -72 -69 -68 -68 -67 -67 -69 -68 -68 -67 -68 -69 -68 -69 -70 -72 -73 -74 -76 -77 -78 -78 -79 -79 -79 -79 -80 -81
-67 -70 -74 -78 -87 -89 -78 -77 -86 -91 -96 -87 -88 -88 -88 -90 -89 -89 -91 -93 -94 -94 -94 -91 -91 -91 -90 -90 -89 -87 -92 -87 -81 -77 -76 -76 -80 -78 -75 -79 -75 -76 -80 -79 -81 -83 -84 -88 -89 -90 -91 -89 -93 -95 -91 -88 -83 -85 -90 -91 -88 -84 -77 -79 -76 -73 -70 -70 -71 -71 -70 -68 -68 -69 -70 -71 -70 -69 -70 -71 -73 -76 -77 -78 -78 -78 -79 -80 -80 -79 -80
-76 -80 -81 -84 -84 -80 -76 -84 -91 -97 -95 -90 -98 -102 -106 -106 -101 -96 -99 -98 -99 -97 -97 -93 -90 -87 -83 -83 -81 -80 -85 -83 -83 -79 -76 -76 -87 -89 -77 -73 -72 -74 -74 -74 -76 -81 -84 -80 -80 -80 -84 -83 -86 -85 -91 -89 -85 -86 -88 -88 -85 -82 -90 -86 -83 -78 -74 -73 -71 -71 -70 -71 -70 -73 -73 -72 -70 -71 -72 -73 -72 -74 -76 -78 -78 -79 -79 -79 -79 -78 -79
-76 -74 -81 -70 -78 -77 -79 -89 -97 -93 -95 -96 -98 -92 -93 -94 -96 -93 -93 -93 -97 -102 -98 -96 -94 -94 -90 -86 -89 -88 -86 -81 -81 -80 -75 -72 -79 -84 -80 -71 -68 -70 -71 -78 -84 -87 -87 -83 -76 -72 -81 -81 -87 -89 -90 -92 -87 -86 -88 -85 -86 -81 -87 -91 -88 -85 -79 -78 -75 -74 -72 -75 -75 -75 -73 -71 -71 -71 -72 -73 -74 -74 -74 -76 -77 -77 -78 -79 -79 -78 -79
-69 -72 -70 -67 -73 -80 -83 -93 -88 -85 -84 -83 -83 -88 -85 -84 -85 -90 -96 -95 -93 -93 -98 -89 -84 -89 -92 -90 -88 -84 -86 -89 -86 -82 -76 -71 -73 -75 -83 -74 -66 -67 -66 -67 -66 -66 -69 -79 -86 -72 -71 -79 -82 -94 -91 -81 -84 -80 -87 -89 -85 -87 -88 -88 -92 -88 -89 -86 -82 -83 -76 -78 -76 -74 -72 -72 -72 -72 -73 -74 -74 -75 -75 -75 -77 -78 -78 -78 -79 -78 -78
-64 -66 -63 -72 -81 -81 -83 -89 -88 -78 -80 -82 -88 -94 -90 -89 -88 -92 -88 -88 -84 -82 -87 -82 -80 -81 -83 -90 -91 -84 -79 -76 -77 -76 -71 -69 -70 -72 -79 -68 -64 -65 -64 -63 -63 -62 -62 -69 -73 -72 -75 -70 -71 -74 -77 -80 -79 -80 -82 -84 -84 -87 -89 -89 -92 -94 -101 -96 -89 -85 -84 -80 -78 -76 -76 -74 -74 -74 -74 -75 -76 -76 -76 -76 -77 -77 -77 -76 -78 -77 -78
-60 -61 -71 -87 -79 -70 -73 -78 -80 -75 -77 -80 -84 -92 -88 -91 -90 -84 -81 -82 -82 -78 -74 -77 -76 -79 -77 -77 -80 -79 -74 -70 -68 -68 -67 -66 -68 -76 -68 -65 -63 -62 -62 -62 -61 -60 -60 -61 -64 -72 -72 -78 -76 -79 -79 -70 -76 -83 -95 -90 -79 -81 -87 -90 -94 -95 -100 -97 -93 -98 -89 -90 -85 -81 -78 -78 -78 -78 -77 -77 -77 -76 -76 -76 -77 -77 -77 -78 -77 -78 -76
-63 -69 -74 -75 -72 -67 -74 -78 -75 -76 -78 -77 -77 -77 -84 -85 -82 -81 -78 -76 -75 -74 -70 -69 -71 -76 -78 -72 -71 -67 -66 -67 -66 -66 -65 -64 -72 -75 -68 -64 -63 -62 -61 -60 -60 -59 -58 -58 -60 -61 -62 -63 -68 -73 -72 -69 -67 -76 -77 -81 -85 -80 -82 -91 -94 -95 -99 -99 -98 -103 -98 -93 -89 -89 -86 -80 -79 -79 -77 -76 -76 -76 -76 -77 -77 -77 -77 -77 -77 -78 -78
-62 -64 -73 -70 -66 -74 -80 -78 -77 -75 -82 -85 -82 -81 -72 -74 -69 -70 -71 -70 -72 -69 -69 -67 -68 -71 -71 -68 -66 -66 -66 -66 -66 -66 -63 -69 -74 -68 -66 -62 -65 -62 -60 -60 -59 -58 -58 -58 -58 -58 -59 -59 -61 -61 -68 -76 -79 -79 -70 -71 -82 -84 -81 -85 -88 -97 -97 -102 -95 -97 -93 -97 -99 -96 -88 -88 -86 -83 -81 -77 -77 -77 -76 -76 -76 -76 -77 -78 -78 -77 -78
-55 -62 -65 -65 -70 -71 -74 -72 -70 -73 -79 -78 -75 -77 -71 -65 -65 -65 -66 -67 -66 -66 -65 -64 -66 -68 -66 -66 -64 -66 -64 -65 -64 -63 -62 -70 -73 -70 -65 -62 -60 -60 -59 -59 -58 -58 -58 -57 -57 -57 -58 -58 -59 -59 -61 -64 -68 -71 -72 -66 -76 -80 -77 -83 -89 -95 -91 -91 -96 -99 -101 -98 -98 -99 -93 -91 -94 -86 -83 -82 -81 -80 -78 -77 -76 -76 -77 -76 -76 -76 -77
-54 -56 -55 -58 -58 -63 -66 -63 -64 -68 -73 -71 -67 -65 -64 -62 -63 -63 -66 -66 -64 -63 -63 -63 -63 -65 -64 -62 -62 -62 -63 -62 -61 -61 -63 -69 -66 -62 -59 -59 -58 -58 -58 -58 -58 -57 -57 -57 -57 -57 -57 -58 -58 -58 -59 -60 -60 -61 -67 -73 -66 -69 -77 -83 -86 -87 -92 -88 -98 -105 -102 -94 -89 -92 -93 -96 -101 -94 -89 -87 -86 -82 -79 -80 -81 -81 -80 -80 -78 -81 -80
-52 -53 -52 -53 -55 -56 -56 -58 -63 -67 -68 -62 -61 -60 -62 -61 -64 -65 -68 -65 -64 -65 -64 -64 -66 -66 -66 -64 -61 -60 -61 -60 -61 -62 -60 -64 -61 -58 -58 -58 -57 -57 -57 -57 -57 -56 -57 -57 -57 -57 -57 -57 -58 -58 -58 -59 -61 -62 -66 -66 -63 -67 -70 -72 -78 -79 -81 -87 -93 -96 -102 -94 -97 -98 -101 -98 -96 -99 -96 -92 -89 -85 -86 -85 -83 -83 -83 -82 -82 -83 -80
-51 -51 -50 -50 -51 -52 -51 -53 -59 -57 -56 -56 -56 -57 -57 -60 -61 -65 -69 -65 -64 -67 -66 -66 -67 -73 -75 -68 -63 -59 -59 -59 -60 -58 -58 -58 -59 -58 -58 -57 -57 -57 -56 -56 -56 -56 -57 -56 -56 -56 -56 -57 -57 -57 -58 -58 -60 -59 -64 -67 -63 -65 -68 -69 -71 -74 -77 -83 -88 -90 -94 -91 -100 -101 -111 -103 -96 -94 -92 -91 -89 -93 -94 -89 -88 -85 -84 -84 -83 -83 -84
